152.338330343559
111.606804512085
78.9679252045148
32.3603524841554
59.4525588218751
197.517882203463
236.014850110301
252.564612012727
304.320721614269
259.008527072135
128.525343874383
165.796416617654
212.12324654239
232.200550674293
225.815470880164
170.143875769635
70.2295967924979
22.8835679201504
45.5193958565353
111.743872287664
57.2379889878278
66.8826016325972
63.7585093401197
113.342631236517
80.4773753941845
95.9085213964559
74.3454980957805
71.828844550121
98.6245138941975
97.9477569609048
75.164004647679
68.4759619571956
94.5551551415363
56.8206535848311
77.3214553484189
139.067351500971
282.195601354653
143.494140834805
16.626013993702
23.7314152131176
27.2517151984767
110.519807700638
145.984608047916
