0 0 0 0.0028 0.016 0.0575 0.1058 0.1148 0.1089 0.1177 0.1235 0.0944 0.0703 0.0559 0.0486 0.0407 0.0205 0.0125 0.0048 0.0033 0.0014 7e-04
3e-04 7e-04 3e-04 0.0015 0.0119 0.0442 0.0938 0.1131 0.1056 0.0952 0.0916 0.0855 0.0877 0.0868 0.0675 0.0495 0.035 0.0176 0.007 0.0036 0.0013 3e-04
3e-04 0.001 0.0025 0.0075 0.0291 0.0372 0.0603 0.0655 0.0645 0.0695 0.0771 0.0707 0.0662 0.0813 0.0869 0.0775 0.0771 0.0612 0.0384 0.0188 0.0055 0.0018
2e-04 0.001 0.0029 0.012 0.0155 0.0283 0.049 0.0607 0.0465 0.0524 0.0683 0.0688 0.0696 0.0718 0.08 0.0921 0.0915 0.087 0.0615 0.0314 0.0074 0.002
5e-04 0.0031 0.0055 0.0126 0.0229 0.059 0.0955 0.1017 0.0891 0.0802 0.0715 0.0612 0.0434 0.0451 0.053 0.0623 0.0631 0.0593 0.0397 0.0227 0.0068 0.002
0 7e-04 0.0098 0.0296 0.0473 0.0781 0.1289 0.1186 0.0853 0.0704 0.0679 0.0539 0.0434 0.0507 0.0513 0.0538 0.0435 0.0308 0.0209 0.0102 0.0037 9e-04
1e-04 7e-04 0.0039 0.0114 0.0322 0.0818 0.1197 0.12 0.0904 0.0917 0.0796 0.065 0.0448 0.0453 0.0457 0.0482 0.0384 0.0307 0.0243 0.016 0.0082 0.002
0 6e-04 0.0016 0.0123 0.0257 0.0538 0.0874 0.103 0.1215 0.1226 0.1015 0.0749 0.0548 0.052 0.0518 0.0454 0.0369 0.0229 0.0156 0.0102 0.0037 0.0018
0 2e-04 0.001 0.0042 0.0088 0.0242 0.0481 0.0549 0.0588 0.0691 0.0692 0.0684 0.0668 0.0955 0.1096 0.1039 0.0802 0.0566 0.0442 0.0226 0.0091 0.0046
2e-04 3e-04 0.0014 0.0092 0.0182 0.0276 0.0592 0.0698 0.0581 0.0496 0.0509 0.05 0.0547 0.0742 0.0743 0.0717 0.07 0.0884 0.0741 0.0573 0.0271 0.0136
1e-04 0.001 0.0056 0.0311 0.0754 0.0612 0.0582 0.0666 0.0614 0.0546 0.0653 0.057 0.05 0.0509 0.0522 0.0594 0.0632 0.0673 0.0573 0.0386 0.016 0.0078
2e-04 0.0012 0.0068 0.036 0.0873 0.1606 0.1811 0.1353 0.0795 0.0576 0.0443 0.0331 0.0239 0.0241 0.0256 0.0269 0.0217 0.0209 0.0173 0.0105 0.0038 0.0023
0 0.0035 0.0118 0.0328 0.043 0.1008 0.1539 0.1421 0.1174 0.094 0.0741 0.0506 0.0318 0.0276 0.0219 0.026 0.0191 0.0177 0.0158 0.0098 0.0049 0.0016
0 1e-04 0.0027 0.0132 0.0309 0.0849 0.1245 0.16 0.1459 0.132 0.0907 0.0593 0.0383 0.0319 0.0264 0.0217 0.0136 0.0104 0.0077 0.004 0.0014 4e-04
0 1e-04 6e-04 0.007 0.0187 0.038 0.0779 0.1104 0.1242 0.1181 0.1103 0.0856 0.0666 0.0621 0.0485 0.0465 0.0377 0.0244 0.0133 0.0066 0.0025 0.0011
1e-04 0 1e-04 0.001 0.0035 0.0117 0.0268 0.0558 0.0739 0.0996 0.0965 0.0899 0.082 0.075 0.0743 0.0726 0.0751 0.0676 0.0477 0.0282 0.0135 0.0049
2e-04 2e-04 0.001 0.0046 0.0105 0.0155 0.0317 0.047 0.0644 0.0663 0.0645 0.065 0.0679 0.075 0.0845 0.097 0.096 0.0907 0.0622 0.0372 0.0137 0.0048
7e-04 0.0012 0.0013 0.0022 0.0069 0.0223 0.0453 0.069 0.0717 0.068 0.0648 0.0638 0.063 0.0758 0.0966 0.0869 0.0745 0.0736 0.0558 0.0353 0.0157 0.0058
4e-04 0.0013 0.0039 0.0193 0.0377 0.0731 0.1101 0.1054 0.0701 0.0609 0.0605 0.0541 0.055 0.0565 0.0648 0.0682 0.0495 0.0483 0.0329 0.0196 0.0055 0.003
0 1e-04 0.0022 0.0065 0.0081 0.0436 0.081 0.1324 0.1468 0.1289 0.0993 0.0648 0.0432 0.0482 0.0439 0.0501 0.0363 0.0303 0.018 0.0097 0.0047 0.0017
1e-04 1e-04 0.0016 0.0058 0.0065 0.0237 0.0445 0.0738 0.0808 0.101 0.084 0.0808 0.0824 0.0846 0.0854 0.0853 0.0693 0.0459 0.0234 0.0149 0.0048 0.0014
0 9e-04 0.0022 0.0067 0.0319 0.0391 0.0562 0.0726 0.089 0.0891 0.082 0.0718 0.0626 0.07 0.0726 0.0704 0.0662 0.0557 0.035 0.0194 0.0051 0.0014
6e-04 0.0037 0.0187 0.0248 0.0376 0.0857 0.1037 0.1477 0.1025 0.0584 0.0544 0.0471 0.0356 0.0454 0.0431 0.0417 0.0402 0.0384 0.0325 0.0258 0.0085 0.0038
2e-04 3e-04 0.0012 0.0117 0.0464 0.0769 0.0908 0.1575 0.1471 0.0913 0.0684 0.0745 0.0637 0.0378 0.0254 0.0234 0.0193 0.0213 0.0185 0.0129 0.0085 0.0031
0.0014 0.0029 0.0015 0.009 0.0172 0.0329 0.0609 0.1107 0.1046 0.0834 0.0708 0.0797 0.0652 0.051 0.0494 0.0645 0.0742 0.0638 0.0318 0.0142 0.0085 0.0024
0 1e-04 6e-04 0.0035 0.0215 0.0641 0.0867 0.1031 0.0817 0.0713 0.0667 0.0723 0.0618 0.0625 0.0578 0.0684 0.0731 0.0541 0.0318 0.0129 0.0049 0.0011
2e-04 6e-04 8e-04 0.0033 0.0075 0.0252 0.065 0.1015 0.121 0.1174 0.0834 0.0619 0.0566 0.0546 0.0574 0.0707 0.0641 0.0561 0.0279 0.0156 0.0061 0.0029
1e-04 5e-04 0.0028 0.0069 0.0227 0.0408 0.0629 0.0796 0.0662 0.0702 0.0672 0.067 0.0617 0.062 0.0758 0.0831 0.0771 0.0568 0.0448 0.0339 0.0127 0.0053
4e-04 0.0018 0.0029 0.0185 0.0925 0.1452 0.1091 0.1282 0.0611 0.0553 0.0559 0.0294 0.0355 0.0293 0.0339 0.0394 0.0388 0.0399 0.0382 0.0268 0.0133 0.0045
3e-04 0.002 0.0011 0.0084 0.0226 0.0647 0.1294 0.1513 0.1187 0.0699 0.0578 0.0378 0.0306 0.032 0.0404 0.0417 0.0477 0.0469 0.0458 0.0329 0.0125 0.0056
1e-04 8e-04 0.0059 0.0186 0.0416 0.0704 0.103 0.1254 0.1145 0.0983 0.0755 0.0635 0.0413 0.0272 0.0382 0.0431 0.0373 0.0349 0.0284 0.0185 0.0098 0.0036
1e-04 0.0016 0.0034 0.0092 0.0245 0.0507 0.0865 0.0966 0.0852 0.0922 0.1024 0.087 0.0618 0.0416 0.0543 0.0575 0.0522 0.0377 0.0279 0.017 0.0066 0.0038
1e-04 0.001 0.0011 0.007 0.0333 0.0366 0.0832 0.1214 0.0979 0.0876 0.0818 0.0616 0.0457 0.0428 0.054 0.0716 0.071 0.0428 0.0324 0.0176 0.0071 0.0024
0.0013 0.0042 0.0088 0.0192 0.0241 0.0423 0.0909 0.0958 0.0942 0.0882 0.0852 0.0782 0.0583 0.0506 0.0555 0.052 0.0445 0.0326 0.0275 0.0239 0.0146 0.0082
4e-04 0.0068 0.0268 0.0534 0.093 0.1042 0.0984 0.0866 0.0582 0.0605 0.0664 0.0622 0.0564 0.046 0.0452 0.042 0.0346 0.0237 0.0167 0.009 0.0055 0.0041
3e-04 0.0024 0.0083 0.0518 0.0972 0.1243 0.176 0.1512 0.0879 0.0681 0.0574 0.0342 0.0275 0.0197 0.0235 0.0223 0.0181 0.0144 0.0084 0.0043 0.0023 5e-04
0 1e-04 0.0013 0.0151 0.0577 0.1548 0.1953 0.1685 0.1124 0.0827 0.0671 0.0505 0.0268 0.0197 0.0155 0.0143 0.0088 0.0048 0.0024 0.0012 7e-04 3e-04
0 0 4e-04 0.0049 0.0268 0.0575 0.0902 0.1067 0.1124 0.1326 0.1302 0.1079 0.0756 0.0568 0.0388 0.0286 0.0156 0.0078 0.004 0.0018 0.0011 3e-04
1e-04 4e-04 6e-04 0.0016 0.005 0.0216 0.0313 0.0508 0.066 0.0974 0.1324 0.1361 0.1229 0.1097 0.092 0.0645 0.0355 0.0217 0.007 0.0023 6e-04 4e-04
4e-04 0.0044 0.0048 0.021 0.0465 0.0477 0.0559 0.054 0.0703 0.0746 0.0856 0.0824 0.0795 0.0799 0.088 0.0763 0.0603 0.0383 0.0205 0.0072 0.0016 9e-04
3e-04 0.0021 0.0139 0.0279 0.0688 0.1297 0.142 0.1269 0.0572 0.0363 0.0289 0.0317 0.0332 0.0508 0.0534 0.0585 0.0562 0.0435 0.0212 0.012 0.0041 0.0013
2e-04 0.0016 0.006 0.0337 0.0894 0.1456 0.1483 0.1546 0.0965 0.0706 0.0566 0.0396 0.0263 0.0226 0.0246 0.0235 0.0189 0.0206 0.0135 0.0056 0.0015 2e-04
0 0 7e-04 0.0108 0.0408 0.0894 0.1431 0.1738 0.1698 0.1006 0.0671 0.0656 0.0365 0.0251 0.0215 0.019 0.0157 0.0108 0.0059 0.0026 6e-04 4e-04
