0.0011 0.0011 0.0023 0.0124 0.0538 0.1164 0.1494 0.1329 0.1172 0.1126 0.1026 0.0761 0.055 0.036 0.0204 0.0081 0.0018 7e-04 2e-04 1e-04 0 0
0.0547 0.08 0.0108 0.0165 0.0489 0.0827 0.1223 0.1332 0.1091 0.0729 0.0586 0.0582 0.0617 0.052 0.0252 0.0089 0.003 9e-04 3e-04 1e-04 0 0
0.0602 0.0997 0.099 0.1423 0.1896 0.063 0.0395 0.0381 0.0402 0.036 0.0381 0.0372 0.0357 0.0364 0.0241 0.0107 0.0055 0.0028 0.0014 5e-04 1e-04 0
0.0429 0.0987 0.1041 0.1685 0.1213 0.0787 0.0731 0.059 0.0336 0.0313 0.0367 0.0395 0.0373 0.0302 0.0211 0.0116 0.0059 0.0035 0.002 7e-04 1e-04 0
0.0509 0.1745 0.1133 0.1282 0.1062 0.111 0.0991 0.0683 0.04 0.0316 0.0239 0.0183 0.0114 0.0085 0.0066 0.0041 0.002 0.0011 6e-04 2e-04 0 0
0.0033 0.0302 0.1648 0.2329 0.1634 0.1026 0.1056 0.0687 0.0392 0.0248 0.0203 0.0141 0.0101 0.0092 0.0059 0.003 0.0011 5e-04 3e-04 1e-04 0 0
0.0032 0.0467 0.0812 0.1264 0.1431 0.1564 0.1317 0.0992 0.0559 0.0478 0.0346 0.0283 0.017 0.0131 0.008 0.0042 0.0016 8e-04 5e-04 2e-04 1e-04 0
5e-04 0.0047 0.0336 0.1173 0.1225 0.1102 0.0976 0.0916 0.1075 0.0975 0.0692 0.0533 0.0388 0.0279 0.0164 0.0075 0.0025 9e-04 5e-04 2e-04 0 0
0.0032 0.0275 0.0539 0.0528 0.0856 0.114 0.1105 0.085 0.0678 0.0505 0.0446 0.048 0.0542 0.0737 0.0631 0.0367 0.015 0.0071 0.0046 0.0018 4e-04 2e-04
0.0528 0.0639 0.0804 0.1303 0.1389 0.0959 0.1108 0.0913 0.0519 0.027 0.0242 0.0238 0.0285 0.0366 0.0216 0.0092 0.0041 0.0039 0.0027 0.0015 4e-04 1e-04
0.0332 0.0882 0.1173 0.2315 0.2396 0.0884 0.0483 0.0415 0.03 0.0171 0.0186 0.0145 0.0108 0.0085 0.0053 0.0033 0.0016 0.001 6e-04 3e-04 1e-04 0
0.0389 0.1132 0.1406 0.2102 0.1756 0.1397 0.0842 0.0475 0.0185 0.0101 0.007 0.0054 0.0031 0.0026 0.0017 0.001 4e-04 2e-04 1e-04 1e-04 0 0
0.0257 0.0885 0.1192 0.1534 0.1324 0.1282 0.1161 0.0887 0.0585 0.0391 0.0237 0.0137 0.0055 0.004 0.0017 0.001 3e-04 2e-04 1e-04 1e-04 0 0
0.0059 0.0232 0.039 0.0673 0.1368 0.1617 0.1505 0.135 0.0982 0.072 0.0407 0.0292 0.0196 0.012 0.006 0.0022 5e-04 1e-04 1e-04 0 0 0
0.0012 0.0034 0.016 0.0349 0.0489 0.0803 0.1096 0.1207 0.1186 0.101 0.0869 0.0836 0.0724 0.0611 0.0352 0.017 0.0057 0.0022 0.001 2e-04 0 0
8e-04 0.0022 0.0079 0.0239 0.0472 0.0638 0.0708 0.0831 0.0814 0.0948 0.091 0.0954 0.0917 0.0919 0.0686 0.042 0.0217 0.0131 0.0061 0.0021 4e-04 1e-04
0.0126 0.0127 0.0255 0.0853 0.1923 0.1221 0.1074 0.0874 0.0615 0.0406 0.0363 0.0367 0.0436 0.0505 0.0407 0.0238 0.0104 0.0061 0.0031 0.0011 2e-04 1e-04
0.0539 0.1203 0.0846 0.0748 0.1166 0.1211 0.1267 0.113 0.0632 0.0311 0.0188 0.0151 0.0139 0.0154 0.0131 0.008 0.0034 0.0032 0.0021 0.0012 4e-04 1e-04
0.0199 0.0549 0.0931 0.1557 0.1422 0.1717 0.1654 0.0903 0.0402 0.0229 0.0167 0.0123 0.0069 0.0042 0.0021 9e-04 2e-04 2e-04 1e-04 1e-04 0 0
0.0047 0.0077 0.075 0.1329 0.0497 0.083 0.1334 0.139 0.1325 0.0998 0.0647 0.0376 0.0201 0.0106 0.0057 0.0026 6e-04 2e-04 1e-04 0 0 0
0.0075 0.0235 0.0352 0.078 0.0762 0.1142 0.0974 0.1038 0.0807 0.0843 0.0649 0.0614 0.0703 0.055 0.0296 0.0124 0.0039 0.0013 3e-04 1e-04 0 0
0.0226 0.0781 0.121 0.1208 0.2134 0.1221 0.0892 0.0564 0.0469 0.0315 0.0256 0.0199 0.0166 0.0156 0.0118 0.0045 0.0021 0.0012 6e-04 2e-04 0 0
0.0174 0.121 0.2512 0.1321 0.12 0.0995 0.0801 0.0906 0.0437 0.014 0.0102 0.0069 0.0034 0.004 0.0027 0.0014 7e-04 5e-04 4e-04 2e-04 0 0
0.0065 0.0262 0.0378 0.137 0.145 0.1287 0.1247 0.1565 0.1056 0.0406 0.0267 0.0289 0.0213 0.0099 0.0029 9e-04 3e-04 2e-04 1e-04 1e-04 0 0
0.0148 0.0311 0.105 0.1882 0.0921 0.0646 0.0922 0.1065 0.085 0.0615 0.0425 0.0483 0.0299 0.0154 0.0108 0.0074 0.0032 0.0012 4e-04 0 0 0
0.0019 0.0106 0.0505 0.0822 0.1426 0.1968 0.1405 0.0953 0.0494 0.0444 0.0384 0.0425 0.0381 0.0334 0.0175 0.0092 0.0043 0.0015 6e-04 2e-04 0 0
0.0374 0.0648 0.0358 0.0455 0.0477 0.0878 0.1116 0.1251 0.1299 0.113 0.064 0.0441 0.0333 0.0271 0.0167 0.0092 0.0037 0.0021 9e-04 3e-04 1e-04 0
0.0486 0.0841 0.1487 0.1177 0.1475 0.0913 0.0647 0.0527 0.0366 0.0389 0.0353 0.0315 0.0322 0.0303 0.0218 0.0095 0.0038 0.002 0.0015 9e-04 2e-04 1e-04
0.0402 0.0683 0.0743 0.1935 0.3009 0.161 0.0675 0.0395 0.0168 0.0071 0.0054 0.0042 0.0044 0.0055 0.0047 0.0026 0.0013 0.0011 9e-04 5e-04 1e-04 0
0.0542 0.0587 0.0736 0.121 0.1303 0.1393 0.142 0.1165 0.0621 0.0315 0.0278 0.0168 0.0091 0.0057 0.0043 0.0022 0.0016 0.0011 0.0011 7e-04 2e-04 1e-04
0.0198 0.0693 0.1543 0.13 0.0857 0.088 0.1122 0.1125 0.0767 0.0493 0.035 0.0303 0.0172 0.0081 0.0064 0.0031 0.0011 5e-04 3e-04 1e-04 1e-04 0
0.0197 0.0859 0.1119 0.1012 0.1426 0.1223 0.1038 0.07 0.0452 0.0439 0.0447 0.0427 0.0291 0.0132 0.011 0.0065 0.0031 0.0016 9e-04 4e-04 1e-04 0
0.018 0.0851 0.0355 0.0989 0.2048 0.1046 0.1037 0.1139 0.0738 0.048 0.0325 0.0229 0.0168 0.0142 0.0126 0.0082 0.0039 0.0014 8e-04 3e-04 1e-04 0
0.0616 0.1861 0.2473 0.1683 0.0869 0.0633 0.0566 0.044 0.0289 0.017 0.0121 0.0115 0.0062 0.0044 0.0029 0.0012 6e-04 3e-04 4e-04 3e-04 1e-04 0
0.0164 0.1661 0.2257 0.2269 0.1777 0.0867 0.0393 0.0234 0.0106 0.0065 0.0067 0.0055 0.0039 0.0021 0.0012 7e-04 3e-04 1e-04 1e-04 0 0 0
0.0182 0.0758 0.127 0.2933 0.1935 0.1034 0.0805 0.0507 0.0231 0.0144 0.0103 0.0052 0.0024 9e-04 8e-04 4e-04 1e-04 0 0 0 0 0
0.0039 0.0034 0.0398 0.1424 0.192 0.2374 0.1657 0.0939 0.049 0.0259 0.0171 0.0126 0.0076 0.0056 0.0025 0.001 2e-04 1e-04 0 0 0 0
6e-04 5e-04 6e-04 0.0099 0.0639 0.1136 0.1179 0.1537 0.151 0.1356 0.1063 0.0672 0.0391 0.025 0.0099 0.0031 0.0013 5e-04 2e-04 0 0 0
0.0268 0.0248 0.0261 0.0155 0.0243 0.0207 0.0254 0.0349 0.0449 0.0873 0.1445 0.1911 0.171 0.1071 0.0407 0.0116 0.0023 6e-04 2e-04 0 0 0
0.0633 0.1175 0.0977 0.222 0.2159 0.1179 0.0598 0.0349 0.017 0.0143 0.0114 0.0089 0.0078 0.0051 0.0034 0.0016 8e-04 3e-04 1e-04 0 0 0
0.0691 0.1742 0.3099 0.1306 0.0889 0.0875 0.0641 0.0409 0.0142 0.0067 0.0036 0.0026 0.0021 0.0024 0.0017 8e-04 4e-04 2e-04 1e-04 0 0 0
0.0191 0.1049 0.1356 0.1507 0.1852 0.1557 0.0844 0.0678 0.0392 0.0219 0.0161 0.0096 0.005 0.0026 0.0012 5e-04 2e-04 1e-04 1e-04 0 0 0
0.0092 0.0204 0.048 0.1323 0.1864 0.1465 0.1327 0.1171 0.0995 0.0417 0.0226 0.0226 0.0114 0.0052 0.0025 0.0012 4e-04 2e-04 0 0 0 0
