168.19704029149
144.356828540106
164.144601154959
69.0634128285417
84.5692710199805
181.767650777272
245.982727957073
270.563125996102
361.647179231938
392.088199730527
222.034967805059
212.603152482195
139.248726650684
202.56552422922
266.425302800539
278.111471780741
198.206554731456
90.2664018268388
87.7685659958633
115.742547170693
83.4274025189859
60.633896954506
71.4441055916759
123.846130216166
137.193011098928
147.648637642871
121.517680929386
132.623010992341
155.890854415525
166.401830851097
118.291955836757
92.5910840030694
153.974599348966
76.6992393183909
57.7037366523083
82.0232020984272
228.853067956763
200.318322116814
57.8993827933836
35.1152445415934
24.2156928746025
57.2931722605039
116.501399422336
