150.00447735995
109.092451115091
77.1866276631564
31.6705370613561
59.8502873015023
199.399314534278
241.093141779048
278.834283566234
318.690386740256
273.31212953385
131.57559972623
203.178614472816
202.733679758499
241.75043926982
229.041400570572
164.241347922963
74.1333302395934
21.8838305221884
47.4266930393351
113.962157586762
57.8902993696659
64.5935615323833
62.2748107556462
120.063446983476
83.3540429957215
98.3108248659236
74.9965264461705
85.0232111309441
91.0717529011773
112.654330307582
82.8832114710876
65.3718960590167
97.2269369168869
52.991035123
77.944225627393
134.473893916999
292.018486351537
182.811196450605
14.8281897148267
22.5775350846249
29.2082831454759
111.024934470306
163.200481049734
