171.68667689511
147.077474380228
166.858569952996
69.9589119486739
84.5825980899392
182.046732803664
252.593770535045
246.916132768275
351.323975945513
388.821738802076
223.987551780996
175.994713091482
150.33130545334
193.34093302823
263.487506002601
284.258823880667
194.54341334094
91.4743143408971
86.0772055616583
114.464128039892
83.3218463417385
63.3566104506457
73.3311989503121
117.305194338195
135.269900184724
150.147602671419
125.042227738371
124.716210357964
168.934477601057
159.507546197881
128.469421838447
108.221961867103
164.811610154718
86.8101250978832
61.1887653032244
91.1845633356023
221.662440251541
164.232919227464
60.847861230203
37.3328536304355
24.284965782987
66.9023116029951
144.884342058275
