0 0 0 0.0029 0.0165 0.0541 0.0956 0.1051 0.1042 0.1169 0.1257 0.1022 0.0791 0.0623 0.0514 0.0404 0.0202 0.0126 0.005 0.0034 0.0015 9e-04
1e-04 5e-04 3e-04 0.0017 0.0123 0.0415 0.0847 0.1025 0.1007 0.0943 0.0929 0.0914 0.0975 0.096 0.0707 0.0489 0.0341 0.0175 0.0071 0.0037 0.0013 3e-04
1e-04 7e-04 0.0023 0.009 0.0304 0.0344 0.0562 0.0614 0.0618 0.0681 0.0769 0.0739 0.0718 0.0877 0.0893 0.0759 0.0743 0.0601 0.0388 0.0192 0.0057 0.0019
1e-04 6e-04 0.0027 0.0137 0.0164 0.0248 0.0416 0.0543 0.0443 0.0515 0.0687 0.0732 0.0768 0.0781 0.0829 0.0905 0.0889 0.0859 0.0627 0.0324 0.0076 0.0022
1e-04 0.0021 0.0053 0.0154 0.0252 0.0521 0.0808 0.0919 0.0874 0.0816 0.0745 0.0671 0.0485 0.0497 0.0563 0.0632 0.0633 0.0606 0.0415 0.0239 0.0073 0.0022
0 4e-04 0.0095 0.0361 0.0518 0.0706 0.1096 0.1063 0.083 0.072 0.0715 0.0597 0.0495 0.057 0.0549 0.0548 0.0438 0.0316 0.0219 0.0108 0.004 0.001
1e-04 5e-04 0.0037 0.0137 0.0346 0.0724 0.1016 0.1071 0.0881 0.0933 0.0836 0.0728 0.0521 0.0522 0.0502 0.0497 0.0391 0.0318 0.0256 0.017 0.0087 0.0021
0 7e-04 0.0012 0.0111 0.0301 0.0584 0.0845 0.0905 0.0947 0.0835 0.0764 0.0718 0.0689 0.0742 0.0734 0.0627 0.0479 0.0296 0.0203 0.0131 0.0046 0.0022
0 0 0 0.0028 0.0076 0.0233 0.0382 0.0421 0.0536 0.0702 0.0748 0.074 0.0708 0.0941 0.1036 0.0999 0.0812 0.0644 0.0545 0.0282 0.0109 0.0057
1e-04 1e-04 0 2e-04 0.0042 0.0138 0.042 0.0618 0.06 0.0532 0.0533 0.052 0.0542 0.0691 0.0728 0.074 0.076 0.104 0.0913 0.0688 0.032 0.0172
0 0 0.0026 0.0227 0.0612 0.0544 0.0479 0.0589 0.0612 0.0543 0.0658 0.0614 0.0564 0.0584 0.0581 0.0635 0.0666 0.0718 0.0646 0.043 0.0181 0.0089
0 0 0.0023 0.0122 0.0459 0.0807 0.11 0.1111 0.0981 0.0912 0.0795 0.0605 0.0426 0.0428 0.0444 0.0464 0.0373 0.0357 0.0298 0.0183 0.0068 0.0042
0 0.0025 0.0119 0.0346 0.04 0.0782 0.1199 0.1318 0.1288 0.116 0.0928 0.0635 0.0362 0.0299 0.0217 0.0244 0.0181 0.0169 0.0156 0.0101 0.005 0.0019
0 0 0.003 0.0157 0.0349 0.0763 0.1008 0.1344 0.1293 0.1285 0.0993 0.0753 0.0562 0.0448 0.0344 0.0252 0.0151 0.0115 0.0088 0.0046 0.0016 5e-04
0 0 5e-04 0.0069 0.017 0.0303 0.0616 0.0905 0.1037 0.103 0.1039 0.0923 0.0847 0.0856 0.0666 0.0565 0.0421 0.0276 0.0154 0.0076 0.0028 0.0012
1e-04 0 0 3e-04 0.0038 0.0136 0.0272 0.0528 0.0707 0.0955 0.0899 0.0811 0.0737 0.0733 0.0785 0.0792 0.081 0.0759 0.0537 0.0307 0.0141 0.0051
1e-04 0 1e-04 0.0011 0.0086 0.014 0.0274 0.0404 0.0609 0.0687 0.068 0.0653 0.0651 0.0726 0.0844 0.1006 0.1008 0.0959 0.0662 0.0399 0.0147 0.0053
7e-04 0.0032 0.0039 0.0065 0.015 0.0292 0.0488 0.0711 0.0715 0.0668 0.0621 0.0625 0.0629 0.0754 0.0936 0.082 0.068 0.0685 0.053 0.0341 0.0153 0.0058
1e-04 4e-04 0.0012 0.0151 0.0296 0.0528 0.0891 0.1073 0.077 0.0671 0.0647 0.0583 0.0594 0.0614 0.0702 0.074 0.0537 0.0522 0.0355 0.0214 0.0061 0.0033
0 1e-04 0.0013 0.0077 0.0094 0.043 0.0694 0.1141 0.1302 0.1184 0.1021 0.0777 0.0559 0.0587 0.051 0.0536 0.0382 0.0322 0.0193 0.0105 0.0051 0.0019
0 0 2e-04 8e-04 0.0012 0.0135 0.0378 0.0763 0.0923 0.1151 0.0894 0.0783 0.0759 0.0796 0.0843 0.0883 0.0724 0.048 0.0244 0.0157 0.005 0.0015
0 0.001 0.008 0.0194 0.0617 0.0545 0.0624 0.0648 0.0794 0.0758 0.0732 0.0693 0.0627 0.0704 0.0711 0.0624 0.0572 0.0497 0.0325 0.0183 0.0047 0.0014
6e-04 0.0019 0.0033 0.0093 0.0232 0.0831 0.1085 0.1617 0.117 0.0655 0.0607 0.0525 0.0382 0.047 0.0417 0.0392 0.0376 0.0372 0.0331 0.0262 0.0087 0.0038
2e-04 0.0011 0.0033 0.0223 0.0413 0.0563 0.0812 0.1477 0.14 0.0881 0.0685 0.0827 0.0769 0.0465 0.0285 0.0249 0.0205 0.0227 0.0201 0.0141 0.0094 0.0035
0.0013 0.0027 0.0032 0.0195 0.0188 0.0257 0.0598 0.1212 0.1203 0.096 0.0719 0.0751 0.0587 0.0478 0.0464 0.0563 0.063 0.0577 0.0303 0.0137 0.0082 0.0024
0 0 0 8e-04 0.0129 0.0488 0.0744 0.1029 0.0865 0.0824 0.0766 0.0815 0.0691 0.0672 0.0589 0.0656 0.0697 0.0523 0.0313 0.013 0.005 0.0012
0 4e-04 8e-04 0.0038 0.0079 0.0222 0.0562 0.0909 0.115 0.1167 0.0855 0.0671 0.0629 0.0607 0.061 0.0712 0.0644 0.0568 0.029 0.017 0.0069 0.0036
0 0 0.0012 0.0127 0.0449 0.0618 0.0775 0.0876 0.0681 0.065 0.0579 0.0555 0.0489 0.0472 0.0637 0.0741 0.0711 0.0556 0.0476 0.0375 0.0146 0.0074
0 0 0.0024 0.0229 0.0951 0.1281 0.0897 0.116 0.0592 0.0561 0.0588 0.0338 0.0415 0.0379 0.0425 0.0444 0.0413 0.042 0.0402 0.0284 0.0142 0.0056
0 0.0017 0.0025 0.0127 0.0261 0.0516 0.0953 0.1134 0.105 0.0732 0.0664 0.0489 0.0381 0.0382 0.0468 0.0479 0.055 0.0558 0.0554 0.0416 0.0164 0.0082
0 5e-04 0.0054 0.0195 0.0412 0.0655 0.0894 0.111 0.1084 0.1012 0.0817 0.0711 0.0465 0.0332 0.0434 0.0453 0.0369 0.0354 0.0294 0.0191 0.011 0.0049
0 8e-04 0.0029 0.0089 0.0237 0.0464 0.0673 0.0793 0.0746 0.0873 0.1053 0.1042 0.079 0.0512 0.0626 0.0601 0.0519 0.0375 0.0273 0.0175 0.0076 0.0046
0 6e-04 0.001 0.0081 0.0348 0.0316 0.071 0.1069 0.0924 0.0867 0.0822 0.0657 0.0505 0.0484 0.0595 0.0734 0.0711 0.0452 0.0347 0.0229 0.0091 0.0042
2e-04 3e-04 0.0014 0.0012 0.0088 0.0297 0.0819 0.1045 0.1113 0.1001 0.0908 0.0821 0.0579 0.051 0.0562 0.055 0.0484 0.0348 0.0309 0.0262 0.0166 0.0105
1e-04 0.0043 0.0252 0.0635 0.0995 0.0889 0.0827 0.0768 0.0562 0.0608 0.0675 0.0657 0.0612 0.0499 0.048 0.0437 0.0353 0.0257 0.0193 0.0118 0.0081 0.0059
0 0 0.0095 0.0792 0.1244 0.124 0.1553 0.127 0.0789 0.0639 0.058 0.0374 0.0288 0.0199 0.0234 0.0215 0.0168 0.014 0.0088 0.0053 0.0029 9e-04
0 0 0.0011 0.018 0.0579 0.1303 0.1676 0.157 0.1131 0.0854 0.0737 0.0628 0.0394 0.0314 0.0223 0.0181 0.0104 0.0057 0.003 0.0016 9e-04 4e-04
0 0 4e-04 0.0065 0.0369 0.0622 0.0849 0.0943 0.0998 0.1078 0.1111 0.1036 0.0848 0.0743 0.0518 0.0371 0.0216 0.0111 0.0061 0.0031 0.0018 5e-04
1e-04 6e-04 0.0023 0.0037 0.0098 0.0237 0.0327 0.0517 0.0663 0.0978 0.1331 0.1403 0.1245 0.1064 0.0835 0.059 0.0335 0.0204 0.0067 0.0024 7e-04 8e-04
0 4e-04 0.0062 0.0354 0.0749 0.0665 0.0618 0.0569 0.0661 0.0712 0.0801 0.0786 0.0768 0.0736 0.0773 0.0641 0.0498 0.0321 0.018 0.0074 0.0018 0.0011
0 0.006 0.0427 0.0404 0.0527 0.0909 0.0966 0.0947 0.0524 0.0375 0.0338 0.0406 0.0422 0.0657 0.0668 0.0689 0.0667 0.0518 0.0265 0.014 0.0055 0.0035
3e-04 0.008 0.0249 0.0597 0.106 0.1267 0.1147 0.1223 0.0886 0.074 0.0657 0.0473 0.0341 0.0281 0.0246 0.0213 0.0167 0.0174 0.0122 0.0053 0.0016 6e-04
0 1e-04 0 0.0019 0.0109 0.0447 0.0901 0.1423 0.1737 0.1173 0.0964 0.1001 0.0604 0.0412 0.0335 0.0337 0.0247 0.0149 0.0074 0.0044 0.001 0.0013
