0 0 0.0011 0.0129 0.1272 0.3812 0.2588 0.126 0.0657 0.0178 0.0053 0.003 7e-04 1e-04 0
0 0 7e-04 0.0206 0.205 0.4261 0.2266 0.0843 0.0279 0.0074 9e-04 4e-04 1e-04 0 0
0 0 0.0012 0.0236 0.1876 0.3567 0.2499 0.1173 0.0519 0.0069 0.0022 0.0021 5e-04 2e-04 0
0 0 0.0013 0.0172 0.139 0.4505 0.2801 0.0735 0.0229 0.0074 0.0042 0.0033 5e-04 0 0
0 0 6e-04 0.0102 0.1327 0.4746 0.2921 0.0672 0.0205 5e-04 0.0014 1e-04 0 0 0
0 0 0.0011 0.034 0.1732 0.3787 0.2477 0.105 0.0515 0.0079 5e-04 2e-04 1e-04 0 0
0 0 0.0019 0.0357 0.1712 0.3942 0.2094 0.1033 0.0521 0.0244 0.0036 0.0025 0.0012 3e-04 0
0 1e-04 6e-04 0.0548 0.2484 0.3711 0.1778 0.0849 0.0454 0.0146 0.0018 2e-04 3e-04 0 0
0 0 0.0016 0.036 0.197 0.3808 0.2044 0.1015 0.0581 0.0156 0.0038 8e-04 3e-04 1e-04 0
0 0 0.002 0.0288 0.236 0.3968 0.1906 0.0809 0.0473 0.0138 0.0028 7e-04 2e-04 0 0
0 1e-04 0.0042 0.0588 0.1968 0.3035 0.2206 0.1151 0.067 0.0251 0.0069 0.0014 3e-04 1e-04 0
0 1e-04 0.0053 0.0804 0.2994 0.3556 0.1421 0.0517 0.0419 0.0186 0.0044 3e-04 1e-04 0 0
0 0 0.0026 0.0924 0.2578 0.2747 0.2007 0.1178 0.0416 0.0101 0.0017 4e-04 1e-04 0 0
0 0 0.0023 0.0648 0.2816 0.3686 0.1865 0.0549 0.0315 0.0087 6e-04 2e-04 2e-04 0 0
0 0 0.0047 0.1075 0.3319 0.3305 0.1524 0.0511 0.0169 0.0041 5e-04 3e-04 1e-04 0 0
0 0 0.0091 0.0803 0.2924 0.3562 0.1992 0.0465 0.014 0.0014 3e-04 7e-04 0 0 0
0 0 0.0046 0.0804 0.293 0.3645 0.1873 0.056 0.0104 0.0034 4e-04 1e-04 0 0 0
0 0 5e-04 0.0398 0.2504 0.3828 0.2154 0.0765 0.0223 0.0105 0.0013 4e-04 1e-04 0 0
0 0 0.0014 0.0335 0.1738 0.3835 0.2987 0.0753 0.0214 0.0117 4e-04 1e-04 0 0 0
0 0 0.0013 0.0133 0.1079 0.3835 0.3423 0.1039 0.0368 0.0093 0.0011 5e-04 2e-04 0 0
0 0 1e-04 0.0107 0.1686 0.4261 0.2332 0.1073 0.0454 0.0068 9e-04 5e-04 2e-04 1e-04 1e-04
0 1e-04 0 0.0131 0.2144 0.3704 0.2778 0.0801 0.0393 0.0036 7e-04 5e-04 1e-04 0 0
0 0.0012 0.0409 0.0828 0.2191 0.3586 0.2029 0.0676 0.0228 0.0027 0.001 3e-04 1e-04 0 0
0 0 0.002 0.0444 0.1624 0.4018 0.2763 0.0797 0.0195 0.0115 0.0021 2e-04 0 0 0
0 0 2e-04 0.006 0.0811 0.2705 0.3112 0.2187 0.0835 0.0235 0.0035 0.0015 0 0 0
0 0 4e-04 0.0396 0.1372 0.3203 0.2401 0.1112 0.0858 0.0547 0.009 0.0011 4e-04 0 0
0 0 2e-04 0.0526 0.1096 0.2807 0.2084 0.1826 0.121 0.0385 0.0043 0.0012 6e-04 3e-04 0
0 0 2e-04 0.0155 0.1071 0.3175 0.2485 0.1586 0.1039 0.0386 0.0079 0.001 6e-04 2e-04 2e-04
0 0 0.0049 0.1427 0.1777 0.3539 0.2068 0.0717 0.0338 0.0069 8e-04 4e-04 2e-04 0 0
0 0 0 0.0563 0.2226 0.416 0.2076 0.0651 0.0247 0.0063 7e-04 3e-04 2e-04 1e-04 0
0 1e-04 0.0048 0.0559 0.2702 0.374 0.1905 0.0529 0.0274 0.0163 0.0068 9e-04 1e-04 2e-04 0
0 0.0035 0.0014 0.0638 0.2264 0.3761 0.1706 0.0723 0.0447 0.0304 0.0082 0.0017 5e-04 2e-04 0
0 0 0.0013 0.0675 0.1886 0.3256 0.2022 0.0725 0.0684 0.0552 0.0148 0.002 0.0015 4e-04 0
0 0 9e-04 0.034 0.1531 0.3168 0.2225 0.0996 0.0793 0.0685 0.0203 0.0042 6e-04 1e-04 0
0 0 2e-04 0.0633 0.1377 0.3322 0.211 0.1024 0.0831 0.0524 0.0134 0.0031 0.0011 1e-04 0
0 0 0.0212 0.167 0.2523 0.312 0.1655 0.0499 0.0233 0.0057 0.0016 3e-04 1e-04 9e-04 0
1e-04 0 0.003 0.1056 0.3394 0.3586 0.1285 0.0436 0.0186 0.002 4e-04 1e-04 0 1e-04 0
0 3e-04 0.0026 0.0491 0.2601 0.4333 0.1758 0.0522 0.0206 0.0054 4e-04 1e-04 1e-04 0 0
0 0.0029 0.0024 0.0528 0.3073 0.4571 0.1321 0.0389 0.003 0.0025 4e-04 5e-04 1e-04 0 1e-04
0 0 0.0044 0.0789 0.2431 0.4049 0.1978 0.0457 0.0241 1e-04 5e-04 2e-04 1e-04 1e-04 0
0 0 0.0051 0.0518 0.2515 0.4858 0.1375 0.0453 0.0139 0.0045 8e-04 0.0031 5e-04 0 1e-04
0 0 0.0013 0.0659 0.2902 0.3477 0.1679 0.0739 0.0241 0.0135 0.0098 0.0023 0.0015 0.0017 0
0 0 0.0037 0.0397 0.1321 0.2806 0.2406 0.0922 0.1006 0.081 0.0213 0.0043 0.0031 8e-04 1e-04
