0.0013 0.0012 0.0024 0.0122 0.0531 0.1183 0.1567 0.1398 0.1204 0.1132 0.1008 0.0704 0.0485 0.0313 0.0186 0.0086 0.0022 8e-04 1e-04 0 0 0
0.0546 0.0798 0.0108 0.0163 0.0484 0.0844 0.1288 0.1408 0.1126 0.0738 0.0579 0.0542 0.0546 0.0454 0.023 0.0095 0.0038 0.001 2e-04 0 0 0
0.0606 0.1002 0.0994 0.1429 0.1898 0.065 0.0419 0.0406 0.0419 0.0366 0.0378 0.0347 0.0317 0.0319 0.0221 0.0115 0.007 0.0033 0.001 2e-04 0 0
0.0431 0.099 0.1042 0.1675 0.1208 0.0808 0.0774 0.0627 0.0348 0.0318 0.0364 0.0369 0.0331 0.0265 0.0194 0.0124 0.0075 0.004 0.0014 3e-04 0 0
0.0505 0.1729 0.1122 0.1259 0.1045 0.1127 0.1039 0.0719 0.0412 0.032 0.0235 0.017 0.01 0.0073 0.006 0.0044 0.0025 0.0013 4e-04 1e-04 0 0
0.0033 0.0301 0.1631 0.2288 0.1607 0.1043 0.1106 0.0723 0.0405 0.0253 0.0201 0.0132 0.009 0.0081 0.0053 0.0032 0.0015 6e-04 2e-04 0 0 0
0.0034 0.0461 0.0795 0.123 0.1393 0.1567 0.1368 0.1047 0.0582 0.0487 0.0345 0.0265 0.0153 0.0117 0.0075 0.0046 0.002 9e-04 4e-04 1e-04 0 0
5e-04 0.0043 0.0306 0.1071 0.1107 0.1025 0.0977 0.0979 0.1196 0.1159 0.0828 0.0568 0.0346 0.0214 0.0112 0.0044 0.0015 4e-04 1e-04 0 0 0
0.0031 0.0264 0.052 0.0513 0.0827 0.1104 0.1128 0.0901 0.0701 0.0509 0.0429 0.0462 0.0526 0.0752 0.0679 0.0416 0.0173 0.0055 0.0012 1e-04 0 0
0.0503 0.0609 0.0772 0.1274 0.1377 0.097 0.114 0.0926 0.0514 0.0273 0.0251 0.0249 0.0302 0.0405 0.0249 0.0113 0.0049 0.0022 1e-04 0 0 0
0.0325 0.0863 0.1154 0.2291 0.2394 0.0895 0.0514 0.0441 0.0311 0.0183 0.0195 0.0145 0.0098 0.0073 0.0048 0.0035 0.0021 0.0011 3e-04 0 0 0
0.0338 0.0985 0.1235 0.1912 0.1713 0.157 0.11 0.0637 0.0232 0.0103 0.0056 0.0041 0.0025 0.0021 0.0015 9e-04 4e-04 3e-04 2e-04 0 0 0
0.0259 0.0894 0.12 0.1539 0.1339 0.134 0.1242 0.0907 0.0551 0.0331 0.0185 0.0101 0.0042 0.0032 0.0016 0.0013 5e-04 3e-04 1e-04 0 0 0
0.0056 0.0218 0.0368 0.0632 0.129 0.1607 0.1585 0.1467 0.1076 0.0769 0.0402 0.0245 0.0135 0.008 0.004 0.0019 6e-04 3e-04 1e-04 0 0 0
0.0011 0.0031 0.0148 0.0327 0.0476 0.0823 0.1184 0.1335 0.1332 0.1128 0.0931 0.0791 0.0594 0.0449 0.0237 0.0125 0.0052 0.0018 5e-04 1e-04 0 0
8e-04 0.0022 0.0079 0.0242 0.0463 0.0612 0.0697 0.0857 0.0844 0.0989 0.0977 0.1041 0.0999 0.0934 0.0646 0.0359 0.0166 0.0056 8e-04 0 0 0
0.0122 0.0124 0.0262 0.0851 0.1852 0.1185 0.1076 0.0914 0.0647 0.0396 0.0346 0.0377 0.0472 0.0537 0.0427 0.0239 0.0099 0.0052 0.0021 3e-04 0 0
0.057 0.1243 0.0867 0.074 0.1135 0.1189 0.1266 0.1128 0.0627 0.0305 0.0192 0.0139 0.0118 0.0128 0.012 0.0091 0.0064 0.0048 0.0023 7e-04 1e-04 0
0.0193 0.0533 0.0911 0.1524 0.142 0.1766 0.172 0.09 0.0384 0.0218 0.0165 0.012 0.0067 0.004 0.0021 9e-04 3e-04 3e-04 2e-04 1e-04 0 0
0.0047 0.0077 0.0741 0.1287 0.0481 0.0818 0.1361 0.1459 0.1398 0.1048 0.0645 0.0331 0.0156 0.0073 0.0039 0.0025 9e-04 4e-04 1e-04 0 0 0
0.0077 0.0233 0.0376 0.0805 0.0792 0.1196 0.101 0.1016 0.0728 0.0748 0.0611 0.0629 0.074 0.0583 0.0308 0.0114 0.0027 6e-04 1e-04 0 0 0
0.0233 0.0801 0.1227 0.1208 0.2103 0.1203 0.0884 0.0579 0.0482 0.0334 0.0264 0.0192 0.0153 0.014 0.0105 0.0048 0.0028 0.0013 4e-04 0 0 0
0.0178 0.1217 0.2554 0.1362 0.1235 0.1002 0.0788 0.0868 0.0398 0.0121 0.0085 0.0055 0.0028 0.0035 0.0029 0.0021 0.0014 7e-04 2e-04 0 0 0
0.0063 0.0247 0.0352 0.1269 0.1425 0.1344 0.1272 0.1604 0.1104 0.0442 0.0286 0.0277 0.018 0.0078 0.0026 0.0014 7e-04 6e-04 4e-04 2e-04 0 0
0.0151 0.0318 0.1061 0.1852 0.0926 0.0695 0.0933 0.0998 0.0752 0.0536 0.0421 0.0509 0.0332 0.0166 0.0117 0.011 0.0084 0.0035 6e-04 0 0 0
0.0019 0.0107 0.0503 0.0827 0.1458 0.2031 0.1459 0.094 0.0461 0.0379 0.0329 0.0371 0.0347 0.0337 0.0196 0.0126 0.0069 0.003 0.001 1e-04 0 0
0.0369 0.0644 0.0358 0.0447 0.0466 0.0888 0.1165 0.1306 0.1328 0.1135 0.0627 0.0406 0.0293 0.0237 0.0154 0.0099 0.0047 0.0024 6e-04 1e-04 0 0
0.0476 0.0823 0.1465 0.1124 0.1329 0.0789 0.0564 0.0484 0.0361 0.0416 0.0417 0.0382 0.0394 0.0387 0.029 0.0161 0.0084 0.004 0.0013 1e-04 0 0
0.0406 0.0688 0.0749 0.1919 0.2984 0.1665 0.0741 0.0435 0.0177 0.0071 0.0045 0.0028 0.0023 0.0024 0.0019 0.0012 7e-04 5e-04 2e-04 1e-04 0 0
0.0496 0.0542 0.0671 0.1099 0.12 0.1373 0.1545 0.1318 0.072 0.0353 0.0275 0.0143 0.0079 0.0054 0.0047 0.003 0.0024 0.0017 0.001 4e-04 0 0
0.0187 0.0657 0.146 0.1227 0.0834 0.0918 0.1157 0.1164 0.0785 0.0541 0.0387 0.0306 0.0161 0.0087 0.007 0.0036 0.0015 6e-04 2e-04 0 0 0
0.0202 0.0867 0.1144 0.1023 0.142 0.1239 0.1111 0.0774 0.0504 0.0466 0.0422 0.0332 0.0195 0.0091 0.008 0.0058 0.0036 0.002 0.001 4e-04 1e-04 0
0.0178 0.0843 0.0349 0.0964 0.1996 0.1067 0.1073 0.1183 0.0757 0.0486 0.0319 0.0217 0.0151 0.013 0.0123 0.009 0.005 0.0017 6e-04 1e-04 0 0
0.0622 0.1877 0.2497 0.1732 0.0909 0.0664 0.0579 0.0409 0.0237 0.0135 0.0101 0.0098 0.006 0.0044 0.0029 8e-04 0 0 0 0 0 0
0.0164 0.1657 0.225 0.2244 0.1761 0.0885 0.0414 0.0248 0.011 0.0067 0.0066 0.0052 0.0036 0.0019 0.0011 8e-04 4e-04 2e-04 1e-04 0 0 0
0.0187 0.0778 0.1292 0.292 0.1892 0.1027 0.0826 0.0535 0.0237 0.0141 0.0091 0.0041 0.0018 6e-04 5e-04 3e-04 1e-04 0 0 0 0 0
0.004 0.0033 0.0385 0.1351 0.1846 0.2409 0.1765 0.1015 0.0518 0.0279 0.0176 0.0103 0.0042 0.0022 9e-04 4e-04 1e-04 0 0 0 0 0
6e-04 5e-04 6e-04 0.008 0.0506 0.0996 0.1152 0.1514 0.1505 0.1492 0.1219 0.0776 0.0406 0.0208 0.0079 0.0033 0.001 3e-04 1e-04 0 0 0
0.0368 0.0372 0.0383 0.0177 0.0229 0.0179 0.0213 0.0312 0.0419 0.0809 0.1343 0.1723 0.161 0.1071 0.0551 0.02 0.0037 6e-04 0 0 0 0
0.0674 0.1251 0.1017 0.2242 0.2118 0.114 0.0575 0.033 0.0163 0.0131 0.0102 0.0072 0.0057 0.0039 0.0033 0.0025 0.0018 9e-04 3e-04 1e-04 0 0
0.0672 0.1687 0.2974 0.1258 0.0914 0.0945 0.0722 0.0465 0.0158 0.0078 0.0041 0.0027 0.0017 0.0017 0.0012 7e-04 5e-04 2e-04 0 0 0 0
0.0194 0.1042 0.1327 0.1458 0.1804 0.1581 0.09 0.0731 0.0402 0.0224 0.0162 0.0086 0.0041 0.0023 0.0011 6e-04 3e-04 3e-04 2e-04 0 0 0
0.0084 0.0187 0.0446 0.1242 0.1824 0.1522 0.1456 0.1271 0.0966 0.0376 0.0201 0.0165 0.0093 0.0065 0.0045 0.0036 0.0016 5e-04 1e-04 0 0 0
