0.047 0.0102 0.0414 0.1538 0.4728 0.1933 0.0473 0.0117 0.0026 0 8e-04 0 4e-04
0.2433 0.0313 0.0265 0.1803 0.1543 0.0274 0.0059 4e-04 3e-04 0 0 0 0
0.1174 0.0876 0.2444 0.3727 0.0928 0.0142 0.0019 5e-04 2e-04 1e-04 0 0 0
0.1626 0.1553 0.343 0.1702 0.0833 0.0244 0.0041 4e-04 0 0 0 0 0
0.1019 0.1362 0.3077 0.2307 0.1123 0.0774 0.0138 0.0019 9e-04 0 0 0 0
0.008 0.0934 0.2767 0.3101 0.162 0.1066 0.0317 0.0054 0.0011 2e-04 0 0 0
0.066 0.1137 0.2372 0.2696 0.1627 0.0967 0.0356 0.0071 0.0016 3e-04 0 0 0
0.0133 0.0452 0.2366 0.2743 0.1931 0.1613 0.0596 0.0116 0.0018 9e-04 2e-04 0 0
0.0522 0.2347 0.1151 0.2255 0.1625 0.1333 0.056 0.0059 0.0078 0.0042 2e-04 0 0
0.0902 0.0785 0.1903 0.2843 0.1533 0.08 0.0359 0.0045 6e-04 1e-04 0 0 0
0.1124 0.1728 0.3032 0.236 0.059 0.0449 0.0178 0.0025 3e-04 1e-04 0 0 0
0.1214 0.1816 0.3101 0.2438 0.0653 0.0148 0.003 2e-04 1e-04 0 0 0 0
0.1071 0.2245 0.3335 0.1872 0.0561 0.0216 0.0067 0.0011 2e-04 0 0 0 0
0.0693 0.1796 0.2433 0.3345 0.1428 0.019 0.0023 7e-04 3e-04 1e-04 0 0 0
0.0163 0.0473 0.2243 0.4211 0.2304 0.0517 0.0041 0.0013 3e-04 0 0 0 0
0.0157 0.0323 0.1273 0.4874 0.2574 0.068 0.0038 0.0015 0 0 0 0 0
0.0215 0.0247 0.1454 0.3237 0.2337 0.1658 0.0544 5e-04 2e-04 0 0 0 0
0.1964 0.1163 0.1531 0.1997 0.1145 0.0695 0.0613 0.025 0.0066 6e-04 0 0 0
0.0835 0.1219 0.2673 0.2404 0.1719 0.0637 0.0146 0.0021 8e-04 2e-04 0 0 0
0.0263 0.1012 0.3482 0.1199 0.193 0.1679 0.0271 0.0064 6e-04 1e-04 0 0 0
0.0736 0.0619 0.2177 0.2104 0.2566 0.1521 0.0108 0.0013 4e-04 2e-04 0 0 0
0.1074 0.1292 0.195 0.2873 0.1395 0.0713 0.011 0.0017 3e-04 1e-04 0 0 0
0.1754 0.4463 0.1712 0.1373 0.0389 0.0089 0.0013 5e-04 2e-04 0 0 0 0
0.0451 0.0555 0.2226 0.306 0.2719 0.0653 0.0232 0.0028 1e-04 2e-04 0 0 0
0.0628 0.1143 0.2864 0.196 0.1027 0.1247 0.0844 0.0074 0.0028 0.0013 0 0 0
0.0111 0.0361 0.0636 0.2526 0.3778 0.2018 0.0456 0.0055 0.0017 3e-04 0 1e-04 0
0.1458 0.0837 0.1482 0.1562 0.1886 0.1413 0.0396 0.0133 0.0048 2e-04 3e-04 8e-04 0
0.1405 0.1749 0.1576 0.3014 0.1318 0.0286 0.0075 8e-04 4e-04 2e-04 0 0 0
0.0498 0.067 0.3459 0.4257 0.0536 0.0207 0.0051 5e-04 7e-04 1e-04 0 0 0
0.0879 0.0985 0.232 0.2057 0.1477 0.0829 0.075 0.0177 0.0029 4e-04 0 0 0
0.0764 0.1655 0.2528 0.1706 0.0753 0.0848 0.1016 0.0355 0.0056 9e-04 2e-04 5e-04 0
0.1801 0.1814 0.158 0.1791 0.1308 0.0966 0.0357 0.0044 6e-04 6e-04 0 1e-04 1e-04
0.0684 0.043 0.1896 0.3191 0.202 0.0884 0.0513 7e-04 2e-04 2e-04 0 0 0
0.1723 0.2874 0.2517 0.156 0.06 0.0302 0.0036 1e-04 0.0015 0 0 0 0
0.1331 0.2304 0.3039 0.2156 0.0726 0.0166 0.001 0 0 0 0 0 0
0.1241 0.1247 0.4471 0.2239 0.0477 0.0144 0.0013 2e-04 1e-04 0 0 0 0
0.0084 0.0433 0.4099 0.4073 0.0994 0.021 0.0013 0 0 1e-04 0 0 0
0.0055 0.0113 0.0558 0.2636 0.4963 0.1565 0.0035 2e-04 3e-04 0 0 0 0
0.2454 0.1373 0.1054 0.0984 0.081 0.0294 0.0398 0.0096 0.0099 0.0019 0 0 0
0.1193 0.0752 0.2671 0.3599 0.1317 0.0139 6e-04 2e-04 1e-04 0 0 0 0
0.1768 0.2027 0.1648 0.2426 0.107 0.0218 0.006 0.0053 0.002 0 0 0 0
0.128 0.1801 0.1853 0.2292 0.078 0.0837 0.0884 0.0124 0.0022 0.0018 3e-04 0 0
0.0144 0.0255 0.1595 0.3413 0.2181 0.1444 0.078 0.012 0.001 5e-04 0 0 0
