ParName   Value   Gradient
T_pars_est[3]      14.3138   0.00177206
T_pars_est[11]      9.86488  1.40934e-05
T_pars_est[12]      9.87472 -4.93521e-06
T_pars_est[13]      9.90724  8.47019e-06
T_pars_est[14]      10.0257 -5.49615e-06
T_pars_est[15]      10.5498    8.117e-06
T_pars_est[16]      11.1783  4.48102e-06
T_pars_est[17]      11.6501 -2.17616e-05
T_pars_est[18]       11.815  -6.0993e-07
T_pars_est[19]      11.8476 -1.77129e-05
T_pars_est[20]       11.817   1.2922e-06
T_pars_est[21]      11.7275 -1.23738e-06
T_pars_est[22]      11.4092  4.43108e-06
T_pars_est[23]      11.0042 -8.29789e-06
T_pars_est[24]      10.6345 -1.18573e-05
T_pars_est[25]      10.6619  2.80822e-06
T_pars_est[26]      11.5361 -0.000111289
T_pars_est[27]      11.0782  6.58206e-05
T_pars_est[28]      10.2813  2.97605e-05
T_pars_est[29]      9.28519  4.47131e-06
T_pars_est[30]      8.29079  5.78949e-06
T_pars_est[31]      7.46366  3.21328e-06
T_pars_est[32]      7.05938  6.09899e-06
T_pars_est[33]      13.8474  0.000106689
T_pars_est[34]       13.756  8.67747e-05
T_pars_est[35]      13.4286   4.8598e-05
T_pars_est[36]      13.4652  4.35159e-05
T_pars_est[37]      12.9864  2.64216e-05
T_pars_est[38]      13.0404   2.5166e-05
T_pars_est[39]      12.7245  2.76024e-05
T_pars_est[40]       12.454  2.34128e-05
T_pars_est[41]       12.368   2.7249e-05
T_pars_est[42]      11.8569  4.12321e-05
T_pars_est[43]      11.2713  1.43367e-05
T_pars_est[44]      11.2169   2.9106e-05
T_pars_est[45]       11.305  5.71117e-05
T_pars_est[46]      10.3219  5.49096e-05
T_pars_est[47]      8.98167  2.49637e-06
T_pars_est[48]      7.96801  9.19531e-06
T_pars_est[49]      7.20742  6.59725e-06
T_pars_est[50]      6.65625   1.3775e-05
T_pars_est[51]      6.25307   -1.484e-06
T_pars_est[52]      5.95448  3.30459e-06
T_pars_est[53]      5.74678  9.10783e-06
T_pars_est[54]      5.63902  6.01156e-07
T_pars_est[55]      12.2424  -3.2922e-06
T_pars_est[56]      12.2597  3.86806e-06
T_pars_est[57]      12.3057 -8.37488e-06
T_pars_est[58]      12.4067 -1.54429e-05
T_pars_est[59]       13.551  1.40635e-05
T_pars_est[60]      13.6134  8.89735e-06
T_pars_est[61]      13.0015  1.26119e-06
T_pars_est[62]      12.1516  6.31146e-05
T_pars_est[63]       11.017  6.96873e-05
T_pars_est[64]      9.95476  5.42293e-05
T_pars_est[65]      9.22032  2.68433e-05
T_pars_est[66]      8.78792  2.28863e-05
T_pars_est[67]      8.57428  3.27981e-05
T_pars_est[68]      8.52457  2.45856e-05
T_pars_est[69]      8.42374  2.40191e-05
T_pars_est[70]      8.21454  3.27916e-05
T_pars_est[71]      7.94129    9.001e-06
T_pars_est[72]      7.66935  2.01486e-05
T_pars_est[73]      7.41628  2.12945e-05
T_pars_est[74]      7.17792  1.39046e-05
T_pars_est[75]      7.01367  3.01739e-05
T_pars_est[76]       6.9178  2.13428e-05
T_pars_est[77]     -13.8054 -2.51427e-06
T_pars_est[78]     -13.8532 -3.84298e-06
T_pars_est[79]     -13.9428 -6.59514e-06
T_pars_est[80]     -14.0908  4.09035e-06
T_pars_est[81]      -13.627 -2.50764e-06
T_pars_est[82]     -13.4582  2.18881e-06
T_pars_est[83]     -14.5893 -5.02312e-07
T_pars_est[84]     -15.6123  1.52382e-06
T_pars_est[85]     -16.4213 -3.54511e-06
T_pars_est[86]     -17.0497  9.96535e-07
T_pars_est[87]     -17.5031  1.55063e-06
T_pars_est[88]     -17.8443  5.54442e-06
T_pars_est[89]     -18.1145  4.84684e-06
T_pars_est[90]     -18.3409  1.28158e-06
T_pars_est[91]     -18.5371 -5.48789e-06
T_pars_est[92]     -18.7102 -9.74627e-06
T_pars_est[93]     -18.8638  2.91128e-06
G_pars_est[1]      1.03813  0.000206519
G_pars_est[2]    -0.239396  -0.00044982
G_pars_est[4]     -4.78847 -0.000251356
G_pars_est[5]    -0.425567   0.00143164
M_pars_est[1]     0.288121  -0.00014582
M_pars_est[2]      1.46536  -1.1071e-05
M_pars_est[3]     0.673848  3.19308e-06
M_pars_est[5]   -0.0195086  -0.00010376
M_pars_est[7]       2.2871 -5.94548e-05
M_pars_est[9]     0.264425 -6.78971e-05
M_pars_est[10]     -0.13771  5.54217e-06
M_pars_est[11]      1.01596  1.39054e-05
M_pars_est[13]     0.925535 -2.54444e-05
M_pars_est[14]      1.83721  3.12467e-05
M_pars_est[15]      1.24331 -4.23318e-07
S_pars_est[1]      4.66099 -0.000712944
S_pars_est[2]      1.66733  0.000152481
S_pars_est[3]      4.77978 -7.20448e-05
S_pars_est[4]      2.36855  3.34152e-05
S_pars_est[5]     -3.21594  5.15088e-06
S_pars_est[6]     -2.73912 -8.80539e-07
S_pars_est[7]     -2.40804 -1.39371e-06
S_pars_est[8]     -1.57709  3.89044e-06
S_pars_est[9]     -1.63185  4.42491e-06
S_pars_est[10]     -1.43548 -2.38158e-06
S_pars_est[11]     -1.15273  3.03781e-06
S_pars_est[12]     -1.10888  2.39277e-06
S_pars_est[13]      -1.1867   -1.071e-05
S_pars_est[14]     -1.11698  -5.1866e-06
S_pars_est[15]     -1.01831  3.49834e-06
S_pars_est[16]    -0.948222  4.35446e-06
S_pars_est[17]    -0.906224 -7.69253e-06
S_pars_est[18]    -0.801392  2.23841e-06
S_pars_est[19]    -0.787769  2.01657e-06
S_pars_est[20]    -0.959536 -1.92803e-06
S_pars_est[21]    -0.857528 -7.83586e-06
S_pars_est[22]    -0.663574  4.05992e-06
S_pars_est[23]    -0.474687  2.94457e-07
S_pars_est[24]    -0.308442 -6.38243e-06
S_pars_est[25]    -0.205898  -2.4587e-06
S_pars_est[26]    -0.248601  1.19996e-06
S_pars_est[27]     -4.30888 -3.35851e-06
S_pars_est[28]     -3.34551  1.10532e-05
S_pars_est[29]      -2.6653 -3.07504e-05
S_pars_est[30]     -1.86362  4.47787e-05
S_pars_est[31]     -1.70657  9.61223e-06
S_pars_est[32]     -1.50537 -5.02397e-06
S_pars_est[33]     -1.28107   1.9416e-06
S_pars_est[34]     -1.15817 -1.12182e-05
S_pars_est[35]     -1.20989 -3.39588e-07
S_pars_est[36]     -1.19202 -2.03866e-06
S_pars_est[37]     -1.13778 -2.02835e-05
S_pars_est[38]     -1.05786   2.9334e-07
S_pars_est[39]    -0.990832  5.62568e-06
S_pars_est[40]    -0.849947 -9.17521e-07
S_pars_est[41]    -0.672947  2.52079e-06
S_pars_est[42]    -0.400337  5.27246e-07
S_pars_est[43]    -0.279976  3.78727e-06
S_pars_est[44]    -0.194841 -6.11375e-08
S_pars_est[45]     -0.15512 -1.54984e-06
S_pars_est[46]    -0.114591 -1.47531e-05
S_pars_est[47]   -0.0775413 -1.90407e-05
S_pars_est[48]   -0.0810548  4.34491e-06
S_pars_est[49]      4.21365 -0.000744843
S_pars_est[50]     0.994548  7.56769e-05
S_pars_est[51]     -5.25054  7.35579e-06
S_pars_est[52]     -5.39606 -7.61499e-06
S_pars_est[53]     -4.31669  8.82261e-06
S_pars_est[54]     -1.76214  1.57778e-05
S_pars_est[55]     -1.17294  8.15312e-06
S_pars_est[56]    -0.560175 -1.57602e-06
S_pars_est[57]    -0.553261 -5.87739e-07
S_pars_est[58]    -0.757929 -3.52328e-07
S_pars_est[59]    -0.832171  1.28162e-06
S_pars_est[60]    -0.920557 -6.73358e-07
S_pars_est[61]    -0.908471  4.28776e-06
S_pars_est[62]    -0.870653  3.38586e-06
S_pars_est[63]    -0.837638  4.16042e-06
S_pars_est[64]    -0.790669  1.20379e-06
S_pars_est[65]    -0.721113 -2.84763e-06
S_pars_est[66]    -0.630767  -3.2619e-06
S_pars_est[67]    -0.529116 -8.82708e-06
S_pars_est[68]    -0.423279 -6.33931e-06
S_pars_est[69]    -0.313824  1.33829e-06
S_pars_est[70]    -0.199348  3.67655e-06
S_pars_est[71]   -0.0828423  7.59076e-06
S_pars_est[73]     -4.02575  1.08966e-05
S_pars_est[74]     -3.25726 -5.93574e-06
S_pars_est[75]      -2.6131 -3.75327e-05
S_pars_est[76]    -0.992793  2.42969e-05
S_pars_est[77]    -0.477542 -6.80854e-06
S_pars_est[78]    -0.222335 -2.91199e-06
S_pars_est[79]    -0.336398    5.247e-06
S_pars_est[80]    -0.914503 -8.88479e-07
S_pars_est[81]     -1.06984  1.10781e-06
S_pars_est[82]     -1.29579 -3.55247e-06
S_pars_est[83]     -1.27224  1.22087e-06
S_pars_est[84]    -0.958309  1.01442e-05
S_pars_est[85]    -0.827566 -6.83391e-06
S_pars_est[86]     -0.77784  1.48754e-06
S_pars_est[87]     -0.71069 -9.02525e-07
S_pars_est[88]    -0.623378 -1.64083e-06
S_pars_est[89]    -0.524204 -1.01615e-06
S_pars_est[90]    -0.419943 -7.42475e-07
S_pars_est[91]    -0.311319 -3.86331e-07
S_pars_est[92]    -0.197215  -2.3114e-06
S_pars_est[93]   -0.0805173 -6.59355e-06
S_pars_est[95]      4.59273  0.000220103
S_pars_est[96]   0.00574817 -6.91062e-06
log_fbar[1]    -0.140213  0.000904122
log_fbar[2]     -5.05117  0.000107599
log_fdev[1](1)     -1.32457 -2.47379e-05
log_fdev[1](2)     -1.74222  8.93489e-05
log_fdev[1](3)     -1.12169  6.99215e-05
log_fdev[1](4)    -0.763256  2.96164e-05
log_fdev[1](5)    -0.640642  4.14601e-05
log_fdev[1](6)    -0.320084  0.000110633
log_fdev[1](7)    -0.287022  0.000162195
log_fdev[1](8)    -0.272002  0.000104523
log_fdev[1](9)     0.701219  8.84772e-05
log_fdev[1](10)     0.292465   1.2404e-05
log_fdev[1](11)     0.606285  8.13327e-05
log_fdev[1](12)     0.717209 -8.23396e-05
log_fdev[1](13)     0.416227 -0.000129502
log_fdev[1](14)     0.544127  8.24024e-05
log_fdev[1](15)     0.545946  9.99771e-05
log_fdev[1](16)     0.437858  1.39564e-06
log_fdev[1](17)      1.09833  0.000196714
log_fdev[1](18)    -0.323249  4.79999e-05
log_fdev[1](19)    -0.417037 -4.26191e-05
log_fdev[1](20)     0.218193 -3.76623e-05
log_fdev[1](21)     0.297026  1.96953e-05
log_fdev[1](22)    -0.356425  4.76087e-06
log_fdev[1](23)    -0.601479 -6.44051e-06
log_fdev[1](24)    -0.793972 -1.35058e-05
log_fdev[1](25)    -0.232794  1.16122e-05
log_fdev[1](26)     0.161741  -4.0161e-05
log_fdev[1](27)    -0.147425 -1.23926e-05
log_fdev[1](28)     -0.51926  0.000132495
log_fdev[1](29)    -0.629579  0.000126727
log_fdev[1](30)    -0.060808  8.95563e-05
log_fdev[1](31)     0.395186  0.000100963
log_fdev[1](32)     0.736382 -3.28299e-06
log_fdev[1](33)      1.07616 -3.82048e-05
log_fdev[1](34)      1.10476   3.9958e-05
log_fdev[1](35)     0.616969  7.74198e-05
log_fdev[1](36)     0.365369   -4.672e-06
log_fdev[1](37)      1.10992 -2.41315e-05
log_fdev[1](38)     0.266756 -0.000118656
log_fdev[1](39)      1.00892  2.98392e-05
log_fdev[1](40)    -0.871971 -2.60899e-05
log_fdev[1](41)     -1.29156  2.28848e-05
log_fdev[2](1)     0.252126 -6.49286e-06
log_fdev[2](2)     0.116185 -3.33998e-06
log_fdev[2](3)   -0.0943152  6.47952e-08
log_fdev[2](4)    -0.281807  -4.9122e-06
log_fdev[2](5)     -9.24216 -1.10609e-06
log_fdev[2](6)     -5.14053 -1.76635e-06
log_fdev[2](7)     -5.57838 -4.91758e-06
log_fdev[2](8)     -1.73395 -2.98864e-06
log_fdev[2](9)    -0.478385 -7.72814e-06
log_fdev[2](10)      2.06264  -7.2548e-06
log_fdev[2](11)      1.56518 -1.82098e-05
log_fdev[2](12)      1.42183 -3.29409e-05
log_fdev[2](13)      1.31068 -2.70543e-07
log_fdev[2](14)      1.66713  6.21511e-06
log_fdev[2](15)      1.44646   -8.114e-06
log_fdev[2](16)     0.667887  1.31879e-05
log_fdev[2](17)     0.854202 -1.76331e-05
log_fdev[2](18)       0.3503 -2.00393e-05
log_fdev[2](19)     0.540441 -2.98451e-05
log_fdev[2](20)     0.574694 -1.25526e-05
log_fdev[2](21)     0.147102 -2.97778e-06
log_fdev[2](22)      0.13212 -1.10701e-06
log_fdev[2](23)    0.0569653 -5.75705e-06
log_fdev[2](24)    0.0148899  3.30571e-07
log_fdev[2](25)     0.737956 -1.95132e-05
log_fdev[2](26)      0.50004 -1.44938e-05
log_fdev[2](27)    -0.185884  1.24329e-06
log_fdev[2](28)     0.381845 -8.49413e-06
log_fdev[2](29)    -0.854845  1.27389e-05
log_fdev[2](30)     -0.59908  2.67533e-05
log_fdev[2](31) -0.000647833  4.07314e-07
log_fdev[2](32)     0.343406  1.88935e-05
log_fdev[2](33)      1.83771  1.50196e-05
log_fdev[2](34)      3.12512  5.28884e-06
log_fdev[2](35)    -0.567496  1.49372e-06
log_fdev[2](36)     0.240971 -1.34404e-05
log_fdev[2](37)      1.66314 -2.00153e-05
log_fdev[2](38)     0.404773 -1.75272e-05
log_fdev[2](39)     0.975414  1.21534e-05
log_fdev[2](40)      0.63647  1.99833e-06
log_fdev[2](41)   -0.0573471    1.287e-05
log_fdev[2](42)     0.558984  2.21204e-05
log_fdev[2](43)      0.22816  8.60891e-06
log_foff[1]     -6.89468   0.00042925
log_fdov[1](1)      1.33646   3.1203e-05
log_fdov[1](2)      1.66341  7.70037e-05
log_fdov[1](3)      1.29838  5.24711e-05
log_fdov[1](4)      1.17288  3.27265e-05
log_fdov[1](5)       1.9487  2.58564e-05
log_fdov[1](6)      1.56568  4.17255e-05
log_fdov[1](7)       0.6713   3.2082e-05
log_fdov[1](8)     0.421708  2.05211e-05
log_fdov[1](9)      2.82295   3.3417e-05
log_fdov[1](10)      1.33161  4.37073e-06
log_fdov[1](11)      1.53693  2.22805e-05
log_fdov[1](12)     0.729559 -1.71993e-05
log_fdov[1](13)     0.794754  -3.1593e-05
log_fdov[1](14)    -0.521392 -6.95747e-06
log_fdov[1](15)      1.08993  8.09401e-06
log_fdov[1](16)      1.24922 -1.00185e-05
log_fdov[1](17)     -1.85819  2.64404e-05
log_fdov[1](18)    -0.351302  2.97284e-05
log_fdov[1](19)     -2.34045  1.90195e-05
log_fdov[1](20)   -0.0010514  1.19596e-05
log_fdov[1](21)      -2.1692  4.82949e-05
log_fdov[1](22)      -2.2041  3.37563e-05
log_fdov[1](23)     -1.24312  2.66482e-05
log_fdov[1](24)    -0.849043  4.27346e-05
log_fdov[1](25)     -2.75711  4.92005e-05
log_fdov[1](26)    -0.379025  7.84214e-06
log_fdov[1](27)     0.032626  1.75856e-05
log_fdov[1](28)     0.231861  1.69105e-05
log_fdov[1](29)     0.196004 -5.69744e-07
log_fdov[1](30)      2.37324  1.13261e-05
log_fdov[1](31)     0.631065  1.09802e-05
log_fdov[1](32)      1.09004 -1.54573e-05
log_fdov[1](33)      1.82355  -1.7029e-05
log_fdov[1](34)     0.911659 -2.12286e-06
log_fdov[1](35)      0.23112  2.25154e-05
log_fdov[1](36)     0.271448 -4.38892e-06
log_fdov[1](37)     -1.03138 -5.61418e-05
log_fdov[1](38)     0.286991 -3.78875e-05
log_fdov[1](39)     -3.33581 -2.14582e-05
log_fdov[1](40)     -4.12041 -1.40528e-05
log_fdov[1](41)     -4.55151 -2.53474e-05
rec_dev_est(1982)    0.0375166  0.000165327
rec_dev_est(1983)     0.100195  7.66317e-05
rec_dev_est(1984)     0.917811  2.42529e-05
rec_dev_est(1985)       1.8396 -0.000187981
rec_dev_est(1986)      1.09685  2.97797e-05
rec_dev_est(1987)     0.423055 -0.000118603
rec_dev_est(1988)    -0.487443 -1.13358e-05
rec_dev_est(1989)    -0.342483   0.00010322
rec_dev_est(1990)     0.198223  0.000164768
rec_dev_est(1991)     0.716876  -9.5282e-05
rec_dev_est(1992)    -0.375502  -7.1315e-05
rec_dev_est(1993)    -0.106733 -0.000166228
rec_dev_est(1994)    -0.747673 -7.22078e-05
rec_dev_est(1995)     -1.17411 -8.04037e-05
rec_dev_est(1996)    -0.156799 -1.14497e-05
rec_dev_est(1997)     -1.20332 -0.000103714
rec_dev_est(1998)    -0.577777 -1.55859e-05
rec_dev_est(1999)    -0.644581 -4.86648e-05
rec_dev_est(2000)     -1.69498  1.04959e-05
rec_dev_est(2001)    -0.282193  0.000122195
rec_dev_est(2002)      1.37247  0.000363742
rec_dev_est(2003)     -0.22216  0.000283008
rec_dev_est(2004)   -0.0772815  0.000403358
rec_dev_est(2005)    -0.718316  0.000129459
rec_dev_est(2006)     -1.28506  3.85254e-05
rec_dev_est(2007)   -0.0397382  6.67088e-06
rec_dev_est(2008)     0.751209  0.000190178
rec_dev_est(2009)    -0.871581   5.0136e-05
rec_dev_est(2010)    -0.717961  6.01914e-05
rec_dev_est(2011)    -0.956844  5.33763e-06
rec_dev_est(2012)    -0.129932 -4.39222e-05
rec_dev_est(2013)    -0.813857 -4.15745e-05
rec_dev_est(2014)       1.3178 -8.42326e-05
rec_dev_est(2015)      1.28283  4.16413e-05
rec_dev_est(2016)      1.47881 -5.11195e-05
rec_dev_est(2017)    -0.609268 -1.22728e-07
rec_dev_est(2018)    -0.607184   4.3886e-05
rec_dev_est(2019)     -1.26704   5.1144e-06
rec_dev_est(2020)   -0.0868105 -3.20995e-05
rec_dev_est(2021)     0.228877 -1.19863e-05
rec_dev_est(2022)      1.06285  1.29901e-05
rec_dev_est(2023)     0.272201 -1.40846e-05
rec_dev_est(2024)    -0.486682 -3.63386e-07
logit_rec_prop_est(1982)      2.38095 -3.93384e-05
logit_rec_prop_est(1983)      1.47433  3.55074e-05
logit_rec_prop_est(1984)    -0.183273 -0.000431504
logit_rec_prop_est(1985)    -0.825545  -0.00126965
logit_rec_prop_est(1986)     -3.61141 -0.000170181
logit_rec_prop_est(1987)    -0.471829 -0.000373089
logit_rec_prop_est(1988)     0.785871 -4.70436e-05
logit_rec_prop_est(1989)    -0.363735 -5.30361e-05
logit_rec_prop_est(1990)      1.23005  6.02426e-05
logit_rec_prop_est(1991)      1.25163  -5.3607e-05
logit_rec_prop_est(1992)    -0.948605 -0.000304243
logit_rec_prop_est(1993)    -0.920243 -0.000988848
logit_rec_prop_est(1994)     -1.63191 -0.000501124
logit_rec_prop_est(1995)     -0.87692 -0.000428486
logit_rec_prop_est(1996)     -2.59162 -0.000409273
logit_rec_prop_est(1997)      4.28907 -3.24047e-05
logit_rec_prop_est(1998)     -1.09485  -0.00051914
logit_rec_prop_est(1999)    -0.116921 -0.000285397
logit_rec_prop_est(2000)     -1.37939 -3.98654e-05
logit_rec_prop_est(2001)      1.43372   1.9272e-06
logit_rec_prop_est(2002)     -2.01143   0.00146698
logit_rec_prop_est(2003)     0.394171   0.00088086
logit_rec_prop_est(2004)     0.780147  0.000397492
logit_rec_prop_est(2005)    -0.309774  0.000547908
logit_rec_prop_est(2006)    -0.778958  0.000125225
logit_rec_prop_est(2007)     -0.81625  0.000166989
logit_rec_prop_est(2008)      -1.2601   0.00085931
logit_rec_prop_est(2009)     -1.13483  0.000324173
logit_rec_prop_est(2010)    -0.937503  0.000693051
logit_rec_prop_est(2011)     -1.54365   0.00011994
logit_rec_prop_est(2012)    -0.437488 -0.000139866
logit_rec_prop_est(2013)    -0.303302 -9.07874e-05
logit_rec_prop_est(2014)      1.12685 -0.000197656
logit_rec_prop_est(2015)    -0.145546  0.000418887
logit_rec_prop_est(2016)     -2.37466  0.000192104
logit_rec_prop_est(2017)      -1.3892  0.000151877
logit_rec_prop_est(2018)      6.38653 -0.000140864
logit_rec_prop_est(2019)     0.825944  -7.1565e-05
logit_rec_prop_est(2020)    0.0969328  0.000117063
logit_rec_prop_est(2021)      0.70486  0.000162028
logit_rec_prop_est(2022)     0.613095  6.11532e-05
logit_rec_prop_est(2023)  -0.00959285 -3.38224e-05
logit_rec_prop_est(2024)      4.69436  1.09961e-05
