ParName   Value   Gradient
theta[3]       14.382  -0.00202317
theta[11]      9.52897 -8.09367e-06
theta[12]      9.53897 -3.00006e-06
theta[13]      9.57516  1.80004e-05
theta[14]      9.69006  1.47323e-05
theta[15]      10.1779 -2.07917e-05
theta[16]      10.7652  1.87057e-06
theta[17]      11.2376 -5.71911e-07
theta[18]      11.4498 -2.72367e-06
theta[19]      11.5463  2.56525e-05
theta[20]      11.5819 -2.00232e-05
theta[21]       11.545  1.30525e-05
theta[22]      11.2999 -1.10543e-05
theta[23]      10.9849 -8.70786e-05
theta[24]      10.7132 -0.000108982
theta[25]      10.8282 -3.83912e-05
theta[26]      11.8503 -7.08962e-05
theta[27]      11.3442  -0.00026028
theta[28]      10.3688 -7.53366e-05
theta[29]      9.31549   4.7843e-05
theta[30]      8.31444  6.49867e-05
theta[31]      7.49526 -5.35991e-05
theta[32]      7.10085  1.89373e-07
theta[33]       13.935  0.000507197
theta[34]      13.8108  0.000270037
theta[35]      13.4915  7.84679e-05
theta[36]      13.5467  2.85994e-05
theta[37]      13.0749  2.06106e-05
theta[38]      13.1532 -1.39655e-05
theta[39]      12.8536  1.33841e-05
theta[40]      12.6064 -1.69251e-05
theta[41]      12.5531 -1.50242e-05
theta[42]      12.0096   9.7081e-06
theta[43]      11.3352 -3.07911e-05
theta[44]       11.218 -1.77306e-05
theta[45]      11.3717  4.36085e-05
theta[46]      10.4622 -6.32252e-05
theta[47]      9.08567 -6.35557e-06
theta[48]      8.02591  3.02858e-05
theta[49]      7.26217 -1.34459e-05
theta[50]       6.7283 -2.01592e-07
theta[51]      6.33892 -8.63079e-06
theta[52]      6.04915  1.51171e-05
theta[53]      5.84687 -3.62434e-06
theta[54]      5.74145 -1.34502e-05
theta[55]      12.1573  5.99667e-06
theta[56]      12.1765 -9.09641e-06
theta[57]      12.2234 -3.64896e-05
theta[58]      12.3624   1.2545e-05
theta[59]      13.5229 -5.56738e-05
theta[60]      13.5848   5.9984e-07
theta[61]      12.9917 -9.80873e-06
theta[62]      12.1529  5.51539e-05
theta[63]      11.0251  2.71202e-05
theta[64]      9.97108  5.16716e-05
theta[65]      9.24444 -2.30177e-05
theta[66]      8.82577   2.4447e-06
theta[67]      8.62877   3.2379e-06
theta[68]      8.57979  2.20469e-05
theta[69]      8.48177  4.53632e-06
theta[70]       8.2825  3.53702e-05
theta[71]      8.02308  1.38065e-05
theta[72]      7.76431 -4.49092e-06
theta[73]       7.5193  1.76993e-05
theta[74]      7.28693  1.34521e-06
theta[75]      7.12667  1.24946e-05
theta[76]      7.03292  4.20596e-06
theta[77]      -13.825  1.35122e-05
theta[78]      -13.876  1.53995e-05
theta[79]     -13.9731  4.33534e-07
theta[80]     -14.1281 -1.52556e-06
theta[81]     -13.6461  2.08779e-05
theta[82]     -13.4762 -6.03001e-05
theta[83]     -14.5969  2.95766e-07
theta[84]     -15.6167 -8.31853e-06
theta[85]     -16.4231  1.14631e-05
theta[86]     -17.0498  -1.0947e-05
theta[87]     -17.5027 -6.53622e-06
theta[88]     -17.8439 -7.33091e-06
theta[89]     -18.1141 -8.22974e-10
theta[90]     -18.3406  1.86984e-05
theta[91]     -18.5369 -7.50843e-06
theta[92]     -18.7101 -2.50157e-05
theta[93]     -18.8638   5.6907e-06
G_pars_est[1]     0.984116  0.000859194
G_pars_est[2]    -0.240991  -0.00198761
G_pars_est[4]     -4.81138 -2.16316e-06
G_pars_est[5]    -0.426361  0.000233948
M_pars_est[1]     0.285242 -0.000180949
M_pars_est[2]      1.54745  8.87976e-05
M_pars_est[3]     0.311671  3.51338e-05
M_pars_est[5]    0.0625025 -0.000226875
M_pars_est[7]      2.27757  2.79043e-05
M_pars_est[9]     0.267452  0.000536447
M_pars_est[10]    -0.824664  -8.3911e-06
M_pars_est[11]      1.06105   0.00017884
M_pars_est[13]            1  1.24458e-05
M_pars_est[14]      1.77759  0.000120051
M_pars_est[15]     0.787448 -1.84814e-05
S_pars_est[1]      4.66875   0.00228335
S_pars_est[2]      1.67229  -0.00100011
S_pars_est[3]      4.78039  3.25001e-05
S_pars_est[4]      2.38689 -0.000220677
S_pars_est[5]     -3.16903 -1.60304e-06
S_pars_est[6]     -2.66185  3.49325e-06
S_pars_est[7]     -2.29867 -7.55486e-07
S_pars_est[8]     -1.50117 -2.48791e-06
S_pars_est[9]     -1.55406 -8.56377e-06
S_pars_est[10]     -1.35085 -3.09202e-06
S_pars_est[11]     -1.06428  5.33148e-06
S_pars_est[12]     -1.04168  8.63439e-06
S_pars_est[13]     -1.15798  1.91771e-05
S_pars_est[14]     -1.12252 -3.40834e-06
S_pars_est[15]     -1.05349  2.07846e-06
S_pars_est[16]     -1.01256 -3.28954e-06
S_pars_est[17]    -0.989536 -1.48892e-05
S_pars_est[18]    -0.876229 -9.67067e-07
S_pars_est[19]    -0.858888  1.23614e-07
S_pars_est[20]    -0.969777 -2.54261e-06
S_pars_est[21]    -0.825148 -2.03426e-05
S_pars_est[22]    -0.722785 -1.44479e-05
S_pars_est[23]    -0.500379 -1.13002e-05
S_pars_est[24]    -0.322768  4.05438e-06
S_pars_est[25]    -0.227105  1.35593e-05
S_pars_est[26]    -0.291741 -1.16191e-05
S_pars_est[27]     -4.34485  4.73233e-06
S_pars_est[28]     -3.48341 -1.33515e-05
S_pars_est[29]     -2.79679 -2.38614e-05
S_pars_est[30]     -1.96134 -6.39314e-06
S_pars_est[31]     -1.75278 -8.30226e-06
S_pars_est[32]     -1.51909  3.31191e-05
S_pars_est[33]     -1.28201  3.02444e-06
S_pars_est[34]     -1.19132 -2.40115e-05
S_pars_est[35]     -1.24723 -6.93616e-07
S_pars_est[36]     -1.25473   9.4358e-06
S_pars_est[37]      -1.2262  3.26563e-05
S_pars_est[38]     -1.17138  2.12987e-05
S_pars_est[39]      -1.1345  1.17407e-05
S_pars_est[40]    -0.990966   9.9842e-06
S_pars_est[41]     -0.78272  6.87427e-07
S_pars_est[42]    -0.459523  2.23588e-05
S_pars_est[43]    -0.315609  1.12627e-05
S_pars_est[44]    -0.203148  5.35376e-06
S_pars_est[45]    -0.162034   2.5155e-05
S_pars_est[46]    -0.132414  2.84055e-06
S_pars_est[47]    -0.120193 -3.57177e-06
S_pars_est[48]    -0.149208  -2.2998e-06
S_pars_est[49]      4.21466   0.00241042
S_pars_est[50]     0.987565 -0.000333722
S_pars_est[51]     -5.15381 -3.92326e-06
S_pars_est[52]     -5.25988  1.45594e-05
S_pars_est[53]     -4.05114  2.66583e-05
S_pars_est[54]      -1.7145 -1.74293e-06
S_pars_est[55]     -1.15779 -2.20431e-05
S_pars_est[56]    -0.540945 -2.91658e-06
S_pars_est[57]    -0.547824  1.48469e-05
S_pars_est[58]    -0.753614 -3.41419e-05
S_pars_est[59]    -0.831256  1.05452e-05
S_pars_est[60]    -0.922061  5.80614e-06
S_pars_est[61]    -0.909662   5.6846e-06
S_pars_est[62]    -0.871228 -1.04309e-06
S_pars_est[63]    -0.838401 -7.52406e-06
S_pars_est[64]    -0.791421  -5.1435e-06
S_pars_est[65]     -0.72178  -3.6005e-06
S_pars_est[66]    -0.631313 -7.92058e-07
S_pars_est[67]     -0.52953 -8.72383e-07
S_pars_est[68]     -0.42358  1.03356e-06
S_pars_est[69]    -0.314029 -2.21092e-06
S_pars_est[70]    -0.199497 -9.47415e-07
S_pars_est[71]   -0.0829838 -1.27233e-05
S_pars_est[73]     -4.14342 -1.05845e-06
S_pars_est[74]     -3.19779 -1.62314e-05
S_pars_est[75]     -2.65245  0.000135639
S_pars_est[76]     -0.98817  -0.00012976
S_pars_est[77]    -0.502991 -2.19238e-05
S_pars_est[78]     -0.23263  5.34753e-05
S_pars_est[79]    -0.328406  9.62455e-05
S_pars_est[80]    -0.897036  -1.4581e-05
S_pars_est[81]      -1.0521 -1.00245e-05
S_pars_est[82]     -1.26301 -1.62897e-05
S_pars_est[83]     -1.23725  5.31614e-06
S_pars_est[84]    -0.948018  1.46917e-05
S_pars_est[85]    -0.827171  4.45673e-06
S_pars_est[86]     -0.77787  1.42505e-06
S_pars_est[87]    -0.710705  5.03595e-07
S_pars_est[88]    -0.623386 -4.05591e-06
S_pars_est[89]    -0.524206  -4.5994e-06
S_pars_est[90]    -0.419943  2.40599e-07
S_pars_est[91]    -0.311318  1.58482e-06
S_pars_est[92]    -0.197213 -5.74311e-07
S_pars_est[93]   -0.0805145  2.13075e-06
S_pars_est[95]      4.59538  -0.00155845
S_pars_est[96]     0.276306  5.98063e-05
log_fbar[1]    -0.194489  -0.00216848
log_fbar[2]     -5.19482  0.000141418
log_fdev[1](1)     -1.39641 -3.62215e-05
log_fdev[1](2)     -1.76639 -0.000276535
log_fdev[1](3)     -1.12355  3.19846e-05
log_fdev[1](4)    -0.756274  5.08205e-05
log_fdev[1](5)    -0.618737 -6.60874e-05
log_fdev[1](6)    -0.272718  -5.8575e-05
log_fdev[1](7)    -0.209773  9.17181e-05
log_fdev[1](8)     -0.15581  0.000148504
log_fdev[1](9)     0.880878 -0.000166371
log_fdev[1](10)     0.382595 -5.51082e-05
log_fdev[1](11)     0.699765  -0.00029444
log_fdev[1](12)     0.822431 -0.000338626
log_fdev[1](13)     0.488736 -2.81385e-05
log_fdev[1](14)     0.511994  0.000150824
log_fdev[1](15)     0.546489 -1.35836e-05
log_fdev[1](16)     0.453269  6.10656e-07
log_fdev[1](17)      1.02663 -0.000135952
log_fdev[1](18)    -0.425096 -0.000104325
log_fdev[1](19)    -0.458746  0.000214815
log_fdev[1](20)       0.1544  6.68159e-05
log_fdev[1](21)     0.323649 -0.000228769
log_fdev[1](22)    -0.383651 -2.13806e-05
log_fdev[1](23)    -0.576236 -8.73177e-05
log_fdev[1](24)    -0.765886 -5.60707e-05
log_fdev[1](25)      -0.1673  0.000125082
log_fdev[1](26)     0.183473  0.000218408
log_fdev[1](27)   -0.0852789  6.32794e-05
log_fdev[1](28)    -0.405315 -0.000280305
log_fdev[1](29)    -0.733334  -0.00033128
log_fdev[1](30)   -0.0270664  0.000145063
log_fdev[1](31)      0.39461  0.000179871
log_fdev[1](32)     0.595697  -2.5221e-06
log_fdev[1](33)      1.03758  1.22921e-05
log_fdev[1](34)      0.98699 -0.000119938
log_fdev[1](35)      0.48498 -0.000127054
log_fdev[1](36)     0.243676  9.24389e-06
log_fdev[1](37)      1.08587 -0.000297138
log_fdev[1](38)     0.351939 -0.000532243
log_fdev[1](39)     0.879539 -0.000496444
log_fdev[1](40)     -1.07131 -0.000321437
log_fdev[1](41)     -1.13631  0.000219611
log_fdev[2](1)       0.2107 -6.59993e-05
log_fdev[2](2)      0.11247 -2.94216e-05
log_fdev[2](3)   -0.0676542 -2.92686e-05
log_fdev[2](4)    -0.243219 -2.09756e-05
log_fdev[2](5)     -9.19283  2.54665e-05
log_fdev[2](6)     -5.07406 -2.10828e-05
log_fdev[2](7)     -5.48248 -1.82249e-05
log_fdev[2](8)     -1.59721 -1.86662e-05
log_fdev[2](9)    -0.292802  4.44445e-05
log_fdev[2](10)      2.15554 -9.66954e-06
log_fdev[2](11)      1.66563  -3.9682e-05
log_fdev[2](12)       1.5275 -2.00325e-05
log_fdev[2](13)      1.34817  1.69994e-05
log_fdev[2](14)      1.62578  1.76929e-05
log_fdev[2](15)      1.44048  4.73121e-05
log_fdev[2](16)     0.706605  3.64031e-05
log_fdev[2](17)      0.80767  9.69162e-07
log_fdev[2](18)     0.271979  1.79572e-05
log_fdev[2](19)     0.511038 -7.20946e-07
log_fdev[2](20)     0.529741 -8.07696e-06
log_fdev[2](21)     0.157626 -8.37695e-06
log_fdev[2](22)     0.124898 -1.45214e-05
log_fdev[2](23)     0.101514  5.75931e-05
log_fdev[2](24)    0.0543141  2.12001e-05
log_fdev[2](25)     0.791356  5.95794e-05
log_fdev[2](26)     0.515115  7.00244e-05
log_fdev[2](27)    -0.130709  3.61677e-05
log_fdev[2](28)     0.496874 -2.73468e-05
log_fdev[2](29)     -0.94647 -7.55306e-06
log_fdev[2](30)    -0.533589  1.13822e-06
log_fdev[2](31)  -0.00861959 -3.26151e-05
log_fdev[2](32)      0.21274  -4.8673e-05
log_fdev[2](33)      1.77492 -6.08572e-05
log_fdev[2](34)      2.99179 -5.32412e-05
log_fdev[2](35)    -0.704711 -3.35166e-05
log_fdev[2](36)    0.0979939 -2.07073e-05
log_fdev[2](37)       1.6183 -5.86818e-05
log_fdev[2](38)       0.4494 -0.000110053
log_fdev[2](39)     0.832289 -0.000119116
log_fdev[2](40)     0.467716 -7.59992e-05
log_fdev[2](41)     -0.18251  -5.1192e-05
log_fdev[2](42)     0.525165 -1.81125e-06
log_fdev[2](43)     0.331538  1.09895e-05
log_foff[1]     -6.79359  -0.00140736
log_fdov[1](1)      1.32673  3.04233e-06
log_fdov[1](2)      1.60891 -2.38443e-05
log_fdov[1](3)       1.2245  3.27675e-05
log_fdov[1](4)      1.09132  3.90557e-05
log_fdov[1](5)      1.82385  -2.1852e-05
log_fdov[1](6)      1.42856  -9.6258e-05
log_fdov[1](7)     0.645436 -0.000112635
log_fdov[1](8)       0.4424 -5.66225e-05
log_fdov[1](9)       2.7406 -0.000145091
log_fdov[1](10)      1.28417 -0.000181421
log_fdov[1](11)      1.45776 -0.000176167
log_fdov[1](12)      0.61546 -0.000196546
log_fdov[1](13)     0.695146 -9.49977e-05
log_fdov[1](14)    -0.525118 -0.000122211
log_fdov[1](15)      1.05419 -8.37933e-05
log_fdov[1](16)      1.20664  -3.9335e-05
log_fdov[1](17)     -1.80473 -4.89491e-05
log_fdov[1](18)    -0.268392 -6.59715e-06
log_fdov[1](19)     -2.31455  5.17635e-05
log_fdov[1](20)    0.0566388  6.37612e-05
log_fdov[1](21)     -2.17854 -0.000103542
log_fdov[1](22)     -2.12947 -0.000210277
log_fdov[1](23)     -1.18955 -0.000128726
log_fdov[1](24)    -0.765703 -6.00495e-05
log_fdov[1](25)     -2.67299  -5.6974e-05
log_fdov[1](26)    -0.230339 -5.06189e-05
log_fdov[1](27)     0.176613 -6.25601e-05
log_fdov[1](28)      0.39611 -7.02446e-05
log_fdov[1](29)     0.743545  1.17111e-06
log_fdov[1](30)      2.35848   2.3232e-05
log_fdov[1](31)     0.445204  7.53603e-05
log_fdov[1](32)      1.03244  0.000125841
log_fdov[1](33)      1.68581  9.40392e-05
log_fdov[1](34)     0.874775 -3.43563e-06
log_fdov[1](35)     0.253772  -1.1932e-05
log_fdov[1](36)     0.348242   1.2235e-05
log_fdov[1](37)     -1.04509 -0.000219421
log_fdov[1](38)     0.155797 -0.000201062
log_fdov[1](39)     -3.24318 -0.000205616
log_fdov[1](40)     -4.03878 -0.000193554
log_fdov[1](41)     -4.76667 -4.45396e-05
rec_dev_est(1982)    0.0712251  8.98973e-05
rec_dev_est(1983)     0.180627  0.000284648
rec_dev_est(1984)     0.938378  0.000225223
rec_dev_est(1985)      1.65981 -0.000325867
rec_dev_est(1986)     0.875938 -0.000407156
rec_dev_est(1987)     0.888083  0.000379543
rec_dev_est(1988)    -0.436967  0.000530152
rec_dev_est(1989)    -0.191032  8.69073e-05
rec_dev_est(1990)      0.40394  0.000246097
rec_dev_est(1991)     0.664565  0.000419764
rec_dev_est(1992)    -0.488857   0.00025563
rec_dev_est(1993)   -0.0781261 -7.70245e-07
rec_dev_est(1994)    -0.722989  5.66405e-06
rec_dev_est(1995)     -1.12394  -0.00018054
rec_dev_est(1996)   -0.0614533  0.000162101
rec_dev_est(1997)     -1.21569  0.000314895
rec_dev_est(1998)    -0.538642  0.000169073
rec_dev_est(1999)     -0.68522   0.00066914
rec_dev_est(2000)      -1.7564  0.000200328
rec_dev_est(2001)    -0.375201  0.000650047
rec_dev_est(2002)      1.30042 -0.000219747
rec_dev_est(2003)    -0.233672 -0.000762791
rec_dev_est(2004)   -0.0992077 -0.000222123
rec_dev_est(2005)     -1.12749 -0.000223905
rec_dev_est(2006)     -1.86805 -0.000124561
rec_dev_est(2007)     -1.12424 -0.000312999
rec_dev_est(2008)      1.42844 -0.000847277
rec_dev_est(2009)    -0.808736 -0.000388191
rec_dev_est(2010)    -0.638635 -0.000148638
rec_dev_est(2011)    -0.769304 -0.000195504
rec_dev_est(2012)    0.0125036 -0.000204978
rec_dev_est(2013)    -0.527503 -0.000567651
rec_dev_est(2014)      1.31726 -0.000766806
rec_dev_est(2015)      1.31786 -0.000290761
rec_dev_est(2016)      1.38812 -9.56005e-05
rec_dev_est(2017)    -0.414462   0.00011741
rec_dev_est(2018)    -0.622078  0.000267472
rec_dev_est(2019)     -1.01737  6.84543e-05
rec_dev_est(2020)    -0.170591  2.48736e-05
rec_dev_est(2021)     0.217393 -7.83332e-05
rec_dev_est(2022)       1.0327 -6.34902e-05
rec_dev_est(2023)     0.283493  7.68085e-06
rec_dev_est(2024)    -0.471538   1.5751e-05
logit_rec_prop_est(1982)      2.28012  0.000113597
logit_rec_prop_est(1983)      1.09288  0.000903091
logit_rec_prop_est(1984)    -0.300609   0.00277488
logit_rec_prop_est(1985)    -0.956807   0.00170595
logit_rec_prop_est(1986)     -3.50242 -0.000811594
logit_rec_prop_est(1987)     -1.12282   0.00189591
logit_rec_prop_est(1988)     0.747389    0.0014525
logit_rec_prop_est(1989)     -1.02694  0.000815425
logit_rec_prop_est(1990)      1.14304   0.00118783
logit_rec_prop_est(1991)     0.912633  0.000974084
logit_rec_prop_est(1992)     -2.05606  0.000193514
logit_rec_prop_est(1993)     -1.09367  0.000506511
logit_rec_prop_est(1994)     -1.66732  2.86644e-05
logit_rec_prop_est(1995)    -0.854367 -0.000671678
logit_rec_prop_est(1996)     -2.35534   0.00124419
logit_rec_prop_est(1997)      2.82541  0.000813653
logit_rec_prop_est(1998)    -0.812461  0.000923664
logit_rec_prop_est(1999)    0.0559611   0.00140159
logit_rec_prop_est(2000)    -0.451046  9.71402e-05
logit_rec_prop_est(2001)      1.66838 -0.000690443
logit_rec_prop_est(2002)     -1.77166   -0.0010095
logit_rec_prop_est(2003)     0.997322 -0.000187895
logit_rec_prop_est(2004)     0.918736 -0.000516467
logit_rec_prop_est(2005)     0.947569  0.000303525
logit_rec_prop_est(2006)      4.00314 -0.000451868
logit_rec_prop_est(2007)      1.87774  -0.00306698
logit_rec_prop_est(2008)      -1.8788  -0.00756125
logit_rec_prop_est(2009)     -1.19068  -0.00254527
logit_rec_prop_est(2010)    -0.977825  -0.00122824
logit_rec_prop_est(2011)    -0.935895  -0.00105628
logit_rec_prop_est(2012)    -0.416953 -0.000725781
logit_rec_prop_est(2013)      1.18104 -0.000515581
logit_rec_prop_est(2014)      1.19184 -0.000121964
logit_rec_prop_est(2015)     0.179973  0.000231945
logit_rec_prop_est(2016)     -2.23746 -0.000309612
logit_rec_prop_est(2017)     -2.06854   0.00063595
logit_rec_prop_est(2018)     -1.44342  0.000474842
logit_rec_prop_est(2019)      2.10504  0.000389417
logit_rec_prop_est(2020)    -0.145812   0.00126755
logit_rec_prop_est(2021)     0.673514 -0.000369311
logit_rec_prop_est(2022)     0.593326 -0.000701918
logit_rec_prop_est(2023)    0.0644739 -0.000125671
logit_rec_prop_est(2024)      3.80738 -0.000206407
